0.008921281053214847
0.014139895927739676
0.0
0.0
0.09706161467043016
0.09995271694959272
0.08572217643248702
0.0921520198077343
0.03255130372753189
0.07899023504497825
0.0
0.02461868757866104
0.03301266274601582
0.07942035610508301
0.017842562106429694
0.0
0.0
0.0
0.0
0.0
0.0
0.0
0.0
0.0
0.0
0.0
0.0
0.0
0.0
0.0
0.0
0.0
0.0
0.0
0.0
0.0
0.0
0.0
0.0
0.0
0.0
0.0
0.0
0.0
0.0
0.0
0.0
0.0
0.0
0.0
0.0
0.0
0.0
0.0
0.0
0.0
0.0
0.0
0.0
0.0
0.0
0.0
0.0
0.0
0.0
0.0
0.0
0.006370569853141914
0.0
0.0
0.0
0.0
0.0
0.008921281053214847
0.008921281053214847
0.008921281053214847
0.014139895927739676
0.01482192683011448
0.0305058961266484
0.019157062522139365
0.03895730382880312
0.008921281053214847
0.03485446904758555
0.07765722305729965
0.04600704139038687
0.04372248475703141
0.008921281053214847
0.05600489360354375
0.008921281053214847
0.05131968743412708
0.08761637277644413
0.057243253875648464
0.09050859572536901
0.0
0.014139895927739676
0.008921281053214847
0.03584798449381291
0.008921281053214847
0.06491541280219291
0.014139895927739676
0.014139895927739676
0.04000879824998947
0.023492198214164248
0.038306125557110486
0.014139895927739676
0.014139895927739676
0.0265680259371966
0.020714573119845873
0.05630014033677567
0.014139895927739676
0.014139895927739676
0.014139895927739676
0.023400786197766515
0.008921281053214847
0.023492198214164248
0.023492198214164248
0.023492198214164248
0.008921281053214847
0.014139895927739676
0.008921281053214847
0.008921281053214847
0.008921281053214847
0.008921281053214847
0.008921281053214847
0.008921281053214847
0.023492198214164248
0.008921281053214847
0.014139895927739676
0.014139895927739676
0.008921281053214847
0.014139895927739676
0.008921281053214847
0.07322990740801665
0.02461868757866104
0.019157062522139365
0.014139895927739676
0.014139895927739676
0.008921281053214847
0.014139895927739676
0.008921281053214847
0.014139895927739676
0.014139895927739676
0.008921281053214847
0.008921281053214847
0.008921281053214847
0.008921281053214847
0.01482192683011448
0.019157062522139365
0.030505896126648398
0.014139895927739676
0.0265680259371966
0.04787852047776353
0.037203186707097664
0.0
0.0
0.0
0.0
0.0
0.0
0.0
0.0
0.0
0.0
0.0
0.09295253637045926
0.0370548170752862
0.017842562106429694
0.037396890131142134
0.06905493094482863
0.023400786197766515
0.07268353474051405
0.07897465125153644
0.04868184365139512
0.07021992471115751
0.1317579485749557
0.023400786197766515
0.04498540318980831
0.01482192683011448
0.0305058961266484
0.06082702165671173
0.046471458714445205
0.07941776066476627
0.03276898378503868
0.04275344873734164
0.02360258310759852
0.05030666578222601
0.03745026718290135
0.019582452697671882
0.019582452697671882
0.038907562519182176
0.02705423961712346
0.06221062045769625
0.09474071142262683
0.019582452697671882
0.04443405431479948
0.0330378538839928
0.05160781336849519
0.0655459011438538
0.03550735902803686
0.04193394379923067
0.020714573119845873
0.01482192683011448
0.047512780160827064
0.04996881213496311
0.03374660393041844
0.030239400224293934
0.07411912285685013
0.008921281053214847
0.008921281053214847
0.08941580344056858
0.017842562106429694
0.07155356451795254
0.028216168035507014
0.02360258310759852
0.05512234648901217
0.04175249963866509
0.06598146067961395
0.014139895927739676
0.008921281053214847
0.02950322888449815
0.008921281053214847
0.0574460986760765
0.0330378538839928
0.008921281053214847
0.02360258310759852
0.048769624290775644
0.008921281053214847
0.04969046496638597
0.05626410727181927
0.02821131749362364
0.06715894709639156
0.023400786197766515
0.04646086000002958
0.017842562106429694
0.035972708201587496
0.040137332755197486
0.05164682232260923
0.06465759353340557
0.05114214339789225
0.008921281053214847
0.07997860027121727
0.008921281053214847
0.014139895927739676
0.01482192683011448
0.06132600215697896
0.008921281053214847
0.019582452697671882
0.037690802436961164
0.008921281053214847
0.0579053517036737
0.03550735902803686
0.01482192683011448
0.020714573119845873
0.04203929095842653
0.05181310487786377
0.008921281053214847
0.060491929062455624
0.008921281053214847
0.05879712172686814
0.02950322888449815
0.008921281053214847
0.04281132222811491
0.03512016616079781
0.027219119697861147
0.0656601957233075
0.05918947406615557
0.02705423961712346
0.008921281053214847
0.04292701766889771
0.0330378538839928
0.027219119697861147
0.014139895927739676
0.008921281053214847
0.03730345831496024
0.06458446453659301
0.023400786197766515
0.06559081600923186
0.02360258310759852
0.06140413619795753
0.008921281053214847
0.01482192683011448
0.030102999566398118
0.06060720755882738
0.03248659258183662
0.02360258310759852
0.07058256031703898
0.038055020478392494
0.008921281053214847
0.008921281053214847
0.01482192683011448
0.05545654206466006
0.017842562106429694
0.023400786197766515
0.008921281053214847
0.019582452697671882
0.02950322888449815
0.035972708201587496
0.014139895927739676
0.02705423961712346
0.02360258310759852
0.020714573119845873
0.02707216048486385
0.038245734271035045
0.019582452697671882
0.029928270430323808
0.03745026718290135
0.008921281053214847
0.008921281053214847
0.01482192683011448
0.035403874661397786
0.008921281053214847
0.07942598907787861
0.019157062522139365
0.008921281053214847
0.008921281053214847
0.03550735902803686
0.03485446904758555
0.02360258310759852
0.06102740033768868
0.03985819841307296
0.008921281053214847
0.026109936930229175
0.057892830260998514
0.019582452697671882
0.05879887401564207
0.008921281053214847
0.008921281053214847
0.07928232362175201
0.02360258310759852
0.008921281053214847
0.02707216048486385
0.02360258310759852
0.047845530592775486
0.02821131749362364
0.017842562106429694
0.039164905395343765
0.039164905395343765
0.04720516621519704
0.017842562106429694
0.008921281053214847
0.008921281053214847
0.008921281053214847
0.008921281053214847
0.008921281053214847
0.04600704139038687
0.008921281053214847
0.008921281053214847
0.008921281053214847
0.008921281053214847
0.008921281053214847
0.008921281053214847
0.008921281053214847
0.008921281053214847
0.01482192683011448
0.0450585145856576
0.041068264418239485
0.008921281053214847
0.026568025937196604
0.0351201661607978
0.039041144588151624
0.07023725873444527
0.01482192683011448
0.04375492624466183
0.027219119697861147
0.038055020478392494
0.02705423961712346
0.019157062522139365
0.030102999566398118
0.01482192683011448
0.019582452697671882
0.019582452697671882
0.035403874661397786
0.04600704139038687
0.008921281053214847
0.0388210720606968
0.06060720755882738
0.008921281053214847
0.023400786197766515
0.02360258310759852
0.008921281053214847
0.05038997819266066
0.014139895927739676
0.008921281053214847
0.02360258310759852
0.008921281053214847
0.023400786197766515
0.04320410409185987
0.01482192683011448
0.047512780160827064
0.03756493743051307
0.038055020478392494
0.008921281053214847
0.019582452697671882
0.008921281053214847
0.026109936930229175
0.008921281053214847
0.019157062522139365
0.032029650993718274
0.04929344733541985
0.023492198214164248
0.017842562106429694
0.008921281053214847
0.04543963282187712
0.019157062522139365
0.008921281053214847
0.008921281053214847
0.008921281053214847
0.008921281053214847
0.008921281053214847
0.008921281053214847
0.008921281053214847
0.008921281053214847
0.008921281053214847
0.008921281053214847
0.008921281053214847
0.02360258310759852
0.008921281053214847
0.038306125557110486
0.008921281053214847
0.02360258310759852
0.008921281053214847
0.03565383232126671
0.057485381244460516
0.01482192683011448
0.07102479341597451
0.0478848286880808
0.008921281053214847
0.041068264418239485
0.06912161334338204
0.008921281053214847
0.019157062522139365
0.008921281053214847
0.01482192683011448
0.008921281053214847
0.01482192683011448
0.01482192683011448
0.008921281053214847
0.008921281053214847
0.008921281053214847
0.023400786197766515
0.02360258310759852
0.008921281053214847
0.008921281053214847
0.049649936254642334
0.019582452697671882
0.0388210720606968
0.02707216048486385
0.008921281053214847
0.008921281053214847
0.008921281053214847
0.0265680259371966
0.03485446904758555
0.03565383232126671
0.037203186707097664
0.03550735902803686
0.023492198214164248
0.014139895927739676
0.030505896126648398
0.019157062522139365
0.008921281053214847
0.014139895927739676
0.01482192683011448
0.014139895927739676
0.014139895927739676
0.008921281053214847
0.008921281053214847
0.008921281053214847
0.008921281053214847
0.008921281053214847
0.04498540318980831
0.020714573119845873
0.053959062302381226
0.030239400224293934
0.03276898378503868
0.008921281053214847
0.008921281053214847
0.008921281053214847
0.023400786197766515
0.019582452697671882
0.037396890131142134
0.008921281053214847
0.0396212388327621
0.008921281053214847
0.008921281053214847
0.008921281053214847
0.06784261868907841
0.02705423961712346
0.027219119697861147
0.022232890245171718
0.014139895927739676
0.038055020478392494
0.02707216048486385
0.008921281053214847
0.042654698478047634
0.07862120669606716
0.008921281053214847
0.029928270430323808
0.029928270430323808
0.008921281053214847
0.0305058961266484
0.01482192683011448
0.01482192683011448
0.01482192683011448
0.038245734271035045
0.008921281053214847
0.014139895927739676
0.014139895927739676
0.014139895927739676
0.02705423961712346
0.027219119697861147
0.008921281053214847
0.008921281053214847
0.008921281053214847
0.019582452697671882
0.008921281053214847
0.03597270820158749
0.008921281053214847
0.03550735902803686
0.022232890245171718
0.008921281053214847
0.01482192683011448
0.01482192683011448
0.008921281053214847
0.008921281053214847
0.008921281053214847
0.019157062522139365
0.02360258310759852
0.0541443209697277
0.02705423961712346
0.02360258310759852
0.02360258310759852
0.03964408248868482
0.02360258310759852
0.02707216048486385
0.02360258310759852
0.008921281053214847
0.03565383232126671
0.02705423961712346
0.03550735902803686
0.037718800805321424
0.014139895927739676
0.019582452697671882
0.008921281053214847
0.008921281053214847
0.008921281053214847
0.01482192683011448
0.03790102467880939
0.05163741589559877
0.008921281053214847
0.019582452697671882
0.04373701461136662
0.008921281053214847
0.02705423961712346
0.008921281053214847
0.008921281053214847
0.008921281053214847
0.01482192683011448
0.030102999566398118
0.008921281053214847
0.039164905395343765
0.02964385366022896
0.02964385366022896
0.03996226714258913
0.017842562106429694
0.036406541903548036
0.017842562106429694
0.008921281053214847
0.01482192683011448
0.04760830106676038
0.09881505759765943
0.04750372848369903
0.02360258310759852
0.0265680259371966
0.05138775825957135
0.022232890245171718
0.008921281053214847
0.04505851458565759
0.03303785388399281
0.028211317493623645
0.04464930790272817
0.008921281053214847
0.0654921944635962
0.023400786197766515
0.008921281053214847
0.03303785388399281
0.008921281053214847
0.026109936930229175
0.042272393082447034
0.008921281053214847
0.019582452697671882
0.07500199670280017
0.03374660393041844
0.019157062522139365
0.02705423961712346
0.04554408468678427
0.051510178463806774
0.036406541903548036
0.014139895927739676
0.014139895927739676
0.023492198214164248
0.014139895927739676
0.019157062522139365
0.008921281053214847
0.008921281053214847
0.008921281053214847
0.022232890245171718
0.02705423961712346
0.008921281053214847
0.019157062522139365
0.014139895927739676
0.014139895927739676
0.033406639963724026
0.014139895927739676
0.014139895927739676
0.019157062522139365
0.040167790072696115
0.014139895927739676
0.014139895927739676
0.04106826441823948
0.03565383232126671
0.019582452697671882
0.030102999566398118
0.008921281053214847
0.01482192683011448
0.0439680996187105
0.04796351174506113
0.02360258310759852
0.03974111944258419
0.0881783526221758
0.014139895927739676
0.06378418274242845
0.019582452697671882
0.0752890067220117
0.02461868757866104
0.01482192683011448
0.04979654071775721
0.008921281053214847
0.026568025937196604
0.008921281053214847
0.008921281053214847
0.052022301068461306
0.01482192683011448
0.02360258310759852
0.008921281053214847
0.023400786197766515
0.04075511482448518
0.03374660393041844
0.008921281053214847
0.008921281053214847
0.019582452697671882
0.035972708201587496
0.019582452697671882
0.032954885394023095
0.03340663996372402
0.01482192683011448
0.008921281053214847
0.008921281053214847
0.008921281053214847
0.030239400224293934
0.008921281053214847
0.008921281053214847
0.048729888872754944
0.019157062522139365
0.04484619737899858
0.008921281053214847
0.008921281053214847
0.019582452697671882
0.022232890245171718
0.008921281053214847
0.008921281053214847
0.0673758310095428
0.03730345831496024
0.032954885394023095
0.01482192683011448
0.020714573119845873
0.020714573119845873
0.019157062522139365
0.014139895927739676
0.014139895927739676
0.008921281053214847
0.050306665782226014
0.01482192683011448
0.023400786197766515
0.02950322888449815
0.04764041156624175
0.014139895927739676
0.023400786197766515
0.01482192683011448
0.008921281053214847
0.008921281053214847
0.02360258310759852
0.023400786197766515
0.008921281053214847
0.008921281053214847
0.022232890245171718
0.019582452697671882
0.02360258310759852
0.0330486845776705
0.008921281053214847
0.019582452697671882
0.05619516563704981
0.022232890245171718
0.008921281053214847
0.008921281053214847
0.02360258310759852
0.008921281053214847
0.02950322888449815
0.014139895927739676
0.014139895927739676
0.008921281053214847
0.008921281053214847
0.008921281053214847
0.01482192683011448
0.041336874118997405
0.03640654190354802
0.014139895927739676
0.008921281053214847
0.008921281053214847
0.008921281053214847
0.0396212388327621
0.008921281053214847
0.008921281053214847
0.03565383232126671
0.023400786197766515
0.008921281053214847
0.03831412504427873
0.008921281053214847
0.008921281053214847
0.01482192683011448
0.019157062522139365
0.008921281053214847
0.008921281053214847
0.01482192683011448
0.008921281053214847
0.02705423961712346
0.019157062522139365
0.02360258310759852
0.008921281053214847
0.03855713522627557
0.03295488539402309
0.008921281053214847
0.008921281053214847
0.039164905395343765
0.008921281053214847
0.008921281053214847
0.019582452697671882
0.019157062522139365
0.008921281053214847
0.019582452697671882
0.008921281053214847
0.04281132222811491
0.008921281053214847
0.008921281053214847
0.008921281053214847
0.008921281053214847
0.008921281053214847
0.014139895927739676
0.014139895927739676
0.014139895927739676
0.019157062522139365
0.014139895927739676
0.014139895927739676
0.014139895927739676
0.014139895927739676
0.028216168035507014
0.05588737877960314
0.03562713145056425
0.029635854173060725
0.008921281053214847
0.017842562106429694
0.0348347867858256
0.008921281053214847
0.025045202275801946
0.014139895927739676
0.017842562106429694
0.014139895927739676
0.026109936930229175
0.02676384315964454
0.008921281053214847
0.014139895927739676
0.014139895927739676
0.02707216048486385
0.03301266274601582
0.017842562106429694
0.008921281053214847
0.019157062522139365
0.014139895927739676
0.07325941875260775
0.019157062522139365
0.014139895927739676
0.041389952767311076
0.02461868757866104
0.008921281053214847
0.019157062522139365
0.014139895927739676
0.008921281053214847
0.008921281053214847
0.0265680259371966
0.014139895927739676
0.019157062522139365
0.026109936930229175
0.038855531170922726
0.03597270820158749
0.030102999566398118
0.008921281053214847
0.008921281053214847
0.030239400224293934
0.03301266274601582
0.008921281053214847
0.017842562106429694
0.027219119697861147
0.008921281053214847
0.008921281053214847
0.008921281053214847
0.008921281053214847
0.014139895927739676
0.008921281053214847
0.0330378538839928
0.008921281053214847
0.019582452697671882
0.008921281053214847
0.014139895927739676
0.019582452697671882
0.025045202275801946
0.037690802436961164
0.008921281053214847
0.03248659258183662
0.038855531170922726
0.008921281053214847
0.008921281053214847
0.008921281053214847
0.01482192683011448
0.01482192683011448
0.008921281053214847
0.014139895927739676
0.01482192683011448
0.0396701873618601
0.02707216048486385
0.028216168035507014
0.05379662111052482
0.023400786197766515
0.02461868757866104
0.008921281053214847
0.01482192683011448
0.008921281053214847
0.014139895927739676
0.008921281053214847
0.008921281053214847
0.019582452697671882
0.032954885394023095
0.008921281053214847
0.008921281053214847
0.017842562106429694
0.023400786197766515
0.008921281053214847
0.03739689013114214
0.008921281053214847
0.008921281053214847
0.008921281053214847
0.019582452697671882
0.02950322888449815
0.023400786197766515
0.008921281053214847
0.03396648332901679
0.014139895927739676
0.008921281053214847
0.008921281053214847
0.027219119697861147
0.008921281053214847
0.008921281053214847
0.008921281053214847
0.017842562106429694
0.014139895927739676
0.008921281053214847
0.014139895927739676
0.008921281053214847
0.017842562106429694
0.008921281053214847
0.014139895927739676
0.014139895927739676
0.026109936930229175
0.014139895927739676
0.008921281053214847
0.014139895927739676
0.008921281053214847
0.008921281053214847
0.035653832321266704
0.019157062522139365
0.008921281053214847
0.01482192683011448
0.014139895927739676
0.008921281053214847
0.014139895927739676
0.01482192683011448
0.008921281053214847
0.019157062522139365
0.029928270430323808
0.008921281053214847
0.008921281053214847
0.008921281053214847
0.014139895927739676
0.014139895927739676
0.03395755263617333
0.014139895927739676
0.014139895927739676
0.020714573119845873
0.023400786197766515
0.019582452697671882
0.008921281053214847
0.027219119697861147
0.014139895927739676
0.01482192683011448
0.008921281053214847
0.014139895927739676
0.019157062522139365
0.03374660393041844
0.026568025937196604
0.01482192683011448
0.008921281053214847
0.01482192683011448
0.008921281053214847
0.048850997877555286
0.01482192683011448
0.030239400224293934
0.008921281053214847
0.008921281053214847
0.008921281053214847
0.008921281053214847
0.008921281053214847
0.040137332755197486
0.01482192683011448
0.008921281053214847
0.008921281053214847
0.008921281053214847
0.01482192683011448
0.01482192683011448
0.01482192683011448
0.019582452697671882
0.023492198214164248
0.01482192683011448
0.041336874118997405
0.008921281053214847
0.030903161629221486
0.008921281053214847
0.008921281053214847
0.038306125557110486
0.02360258310759852
0.019582452697671882
0.019582452697671882
0.008921281053214847
0.008921281053214847
0.008921281053214847
0.02821131749362364
0.020714573119845873
0.030505896126648398
0.023400786197766515
0.06285961001910487
0.02360258310759852
0.03248659258183662
0.02360258310759852
0.01482192683011448
0.008921281053214847
0.032029650993718274
0.008921281053214847
0.008921281053214847
0.022232890245171718
0.02360258310759852
0.04038858598112334
0.008921281053214847
0.019582452697671882
0.01482192683011448
0.019582452697671882
0.019582452697671882
0.008921281053214847
0.027219119697861147
0.04260504167945479
0.008921281053214847
0.008921281053214847
0.008921281053214847
0.019582452697671882
0.014139895927739676
0.019582452697671882
0.008921281053214847
0.008921281053214847
0.014139895927739676
0.008921281053214847
0.008921281053214847
0.019157062522139365
0.019582452697671882
0.01482192683011448
0.01482192683011448
0.008921281053214847
0.008921281053214847
0.008921281053214847
0.008921281053214847
0.008921281053214847
0.026568025937196604
0.008921281053214847
0.03790102467880939
0.02461868757866104
0.01482192683011448
0.008921281053214847
0.014139895927739676
0.008921281053214847
0.01482192683011448
0.008921281053214847
0.008921281053214847
0.008921281053214847
0.008921281053214847
0.03485446904758555
0.008921281053214847
0.008921281053214847
0.0305058961266484
0.008921281053214847
0.008921281053214847
0.008921281053214847
0.023400786197766515
0.026109936930229175
0.008921281053214847
0.008921281053214847
0.014139895927739676
0.017842562106429694
0.008921281053214847
0.01482192683011448
0.019582452697671882
0.020714573119845873
0.01482192683011448
0.008921281053214847
0.022232890245171718
0.041389952767311076
0.026109936930229175
0.04501813092073399
0.029928270430323808
0.008921281053214847
0.008921281053214847
0.01482192683011448
0.008921281053214847
0.008921281053214847
0.008921281053214847
0.008921281053214847
0.008921281053214847
0.008921281053214847
0.06159136127483662
0.01482192683011448
0.008921281053214847
0.0364557546628811
0.017842562106429694
0.032029650993718274
0.014139895927739676
0.008921281053214847
0.008921281053214847
0.029928270430323808
0.020714573119845873
0.02707216048486385
0.02360258310759852
0.03512016616079781
0.008921281053214847
0.008921281053214847
0.008921281053214847
0.008921281053214847
0.008921281053214847
0.008921281053214847
0.008921281053214847
0.019582452697671882
0.008921281053214847
0.014139895927739676
0.02360258310759852
0.02360258310759852
0.020714573119845873
0.0265680259371966
0.02461868757866104
0.008921281053214847
0.030102999566398118
0.023400786197766515
0.036406541903548036
0.008921281053214847
0.008921281053214847
0.03584798449381291
0.008921281053214847
0.008921281053214847
0.08199857467765718
0.02950322888449815
0.039644082488684826
0.02461868757866104
0.019582452697671882
0.03550735902803686
0.04707110309174599
0.023492198214164248
0.01482192683011448
0.019582452697671882
0.02360258310759852
0.01482192683011448
0.027219119697861147
0.008921281053214847
0.008921281053214847
0.019157062522139365
0.014139895927739676
0.008921281053214847
0.014139895927739676
0.008921281053214847
0.026568025937196604
0.008921281053214847
0.01482192683011448
0.04825323541924693
0.008921281053214847
0.02950322888449815
0.022232890245171718
0.020714573119845873
0.0265680259371966
0.023400786197766515
0.008921281053214847
0.019157062522139365
0.008921281053214847
0.01482192683011448
0.008921281053214847
0.01482192683011448
0.01482192683011448
0.008921281053214847
0.008921281053214847
0.014139895927739676
0.019157062522139365
0.03137993345403771
0.008921281053214847
0.008921281053214847
0.02705423961712346
0.008921281053214847
0.008921281053214847
0.01482192683011448
0.019582452697671882
0.008921281053214847
0.019582452697671882
0.01482192683011448
0.008921281053214847
0.022232890245171718
0.008921281053214847
0.02705423961712346
0.008921281053214847
0.05259712272872532
0.01482192683011448
0.008921281053214847
0.008921281053214847
0.014139895927739676
0.02360258310759852
0.008921281053214847
0.008921281053214847
0.008921281053214847
0.019157062522139365
0.03202965099371828
0.017842562106429694
0.008921281053214847
0.008921281053214847
0.008921281053214847
0.035653832321266704
0.008921281053214847
0.008921281053214847
0.026568025937196604
0.038055020478392494
0.008921281053214847
0.008921281053214847
0.008921281053214847
0.008921281053214847
0.008921281053214847
0.008921281053214847
0.043924729113581876
0.008921281053214847
0.01482192683011448
0.008921281053214847
0.05102420798478655
0.019582452697671882
0.02705423961712346
0.008921281053214847
0.025045202275801946
0.02461868757866104
0.008921281053214847
0.022232890245171718
0.008921281053214847
0.01482192683011448
0.04198831180012688
0.03395755263617333
0.014139895927739676
0.008921281053214847
0.014139895927739676
0.008921281053214847
0.014139895927739676
0.008921281053214847
0.040989874795987175
0.008921281053214847
0.034415448327207596
0.02707216048486385
0.008921281053214847
0.008921281053214847
0.008921281053214847
0.014139895927739676
0.01482192683011448
0.008921281053214847
0.008921281053214847
0.019157062522139365
0.019157062522139365
0.008921281053214847
0.01482192683011448
0.008921281053214847
0.05511114647639716
0.017842562106429694
0.02461868757866104
0.008921281053214847
0.01482192683011448
0.033406639963724026
0.01482192683011448
0.008921281053214847
0.008921281053214847
0.008921281053214847
0.01482192683011448
0.019582452697671882
0.008921281053214847
0.029928270430323808
0.008921281053214847
0.019157062522139365
0.008921281053214847
0.008921281053214847
0.019157062522139365
0.008921281053214847
0.008921281053214847
0.008921281053214847
0.008921281053214847
0.008921281053214847
0.019157062522139365
0.008921281053214847
0.008921281053214847
0.023400786197766515
0.06134128677360347
0.023400786197766515
0.008921281053214847
0.008921281053214847
0.008921281053214847
0.008921281053214847
0.008921281053214847
0.008921281053214847
0.008921281053214847
0.008921281053214847
0.008921281053214847
0.01482192683011448
0.008921281053214847
0.01482192683011448
0.014139895927739676
0.008921281053214847
0.008921281053214847
0.008921281053214847
0.014139895927739676
0.008921281053214847
0.017842562106429694
0.059738853663464445
0.008921281053214847
0.038855531170922726
0.008921281053214847
0.03140281253806061
0.008921281053214847
0.01482192683011448
0.008921281053214847
0.008921281053214847
0.0388210720606968
0.008921281053214847
0.019157062522139365
0.01482192683011448
0.061392488057195584
0.008921281053214847
0.04989515075469
0.027219119697861147
0.01482192683011448
0.05756082215921932
0.02821131749362364
0.023400786197766515
0.008921281053214847
0.01482192683011448
0.05287211503997198
0.022232890245171718
0.03985819841307297
0.008921281053214847
0.01482192683011448
0.01482192683011448
0.008921281053214847
0.01482192683011448
0.032954885394023095
0.04515555153955697
0.03248659258183662
0.019582452697671882
0.008921281053214847
0.023400786197766515
0.02705423961712346
0.019582452697671882
0.022232890245171718
0.008921281053214847
0.019582452697671882
0.008921281053214847
0.008921281053214847
0.03519826695413234
0.023400786197766515
0.008921281053214847
0.03303785388399281
0.01482192683011448
0.023400786197766515
0.01482192683011448
0.026109936930229175
0.008921281053214847
0.008921281053214847
0.008921281053214847
0.008921281053214847
0.008921281053214847
0.008921281053214847
0.01482192683011448
0.008921281053214847
0.029928270430323808
0.008921281053214847
0.029928270430323808
0.014139895927739676
0.02461868757866104
0.04665576060138481
0.014139895927739676
0.008921281053214847
0.027219119697861147
0.014139895927739676
0.03485446904758555
0.008921281053214847
0.029928270430323808
0.008921281053214847
0.008921281053214847
0.008921281053214847
0.017842562106429694
0.008921281053214847
0.008921281053214847
0.008921281053214847
0.025045202275801946
0.025045202275801946
0.008921281053214847
0.008921281053214847
0.008921281053214847
0.008921281053214847
0.008921281053214847
0.029928270430323808
0.008921281053214847
0.008921281053214847
0.017842562106429694
0.008921281053214847
0.008921281053214847
0.01482192683011448
0.008921281053214847
0.014139895927739676
0.008921281053214847
0.020714573119845873
0.008921281053214847
0.014139895927739676
0.014139895927739676
0.008921281053214847
0.008921281053214847
0.023492198214164248
0.008921281053214847
0.008921281053214847
0.014139895927739676
0.014139895927739676
0.008921281053214847
0.014139895927739676
0.008921281053214847
0.014139895927739676
0.008921281053214847
0.008921281053214847
0.008921281053214847
0.008921281053214847
0.008921281053214847
0.008921281053214847
0.04685157782383276
0.04075511482448518
0.022232890245171718
0.019157062522139365
0.019582452697671882
0.023400786197766515
0.06713288926903521
0.008921281053214847
0.008921281053214847
0.008921281053214847
0.03730345831496024
0.03801292878405357
0.028216168035507014
0.02964385366022896
0.014139895927739676
0.008921281053214847
0.022232890245171718
0.008921281053214847
0.008921281053214847
0.03276898378503868
0.008921281053214847
0.008921281053214847
0.017842562106429694
0.017842562106429694
0.008921281053214847
0.008921281053214847
0.019157062522139365
0.019157062522139365
0.03303785388399281
0.02461868757866104
0.02461868757866104
0.008921281053214847
0.008921281053214847
0.01482192683011448
0.008921281053214847
0.008921281053214847
0.019157062522139365
0.008921281053214847
0.008921281053214847
0.008921281053214847
0.019582452697671882
0.0265680259371966
0.008921281053214847
0.019157062522139365
0.008921281053214847
0.017842562106429694
0.019157062522139365
0.029928270430323808
0.008921281053214847
0.01482192683011448
0.014139895927739676
0.008921281053214847
0.008921281053214847
0.008921281053214847
0.008921281053214847
0.008921281053214847
0.008921281053214847
0.008921281053214847
0.014139895927739676
0.008921281053214847
0.008921281053214847
0.008921281053214847
0.008921281053214847
0.008921281053214847
0.008921281053214847
0.008921281053214847
0.019582452697671882
0.019157062522139365
0.008921281053214847
0.020714573119845873
0.030903161629221486
0.008921281053214847
0.008921281053214847
0.008921281053214847
0.008921281053214847
0.008921281053214847
0.0330486845776705
0.008921281053214847
0.008921281053214847
0.008921281053214847
0.017842562106429694
0.008921281053214847
0.008921281053214847
0.008921281053214847
0.03086256175424129
0.022232890245171718
0.008921281053214847
0.008921281053214847
0.008921281053214847
0.008921281053214847
0.02461868757866104
0.008921281053214847
0.008921281053214847
0.008921281053214847
0.01482192683011448
0.014139895927739676
0.008921281053214847
0.014139895927739676
0.008921281053214847
0.008921281053214847
0.008921281053214847
0.008921281053214847
0.008921281053214847
0.014139895927739676
0.008921281053214847
0.014139895927739676
0.008921281053214847
0.04508461945883286
0.014139895927739676
0.014139895927739676
0.008921281053214847
0.023492198214164248
0.017842562106429694
0.008921281053214847
0.008921281053214847
0.01482192683011448
0.017842562106429694
0.017842562106429694
0.014139895927739676
0.008921281053214847
0.008921281053214847
0.008921281053214847
0.01482192683011448
0.014139895927739676
0.02306117698095452
0.008921281053214847
0.008921281053214847
0.017842562106429694
0.008921281053214847
0.008921281053214847
0.008921281053214847
0.014139895927739676
0.008921281053214847
0.008921281053214847
0.008921281053214847
0.008921281053214847
0.017842562106429694
0.008921281053214847
0.008921281053214847
0.008921281053214847
0.008921281053214847
0.008921281053214847
0.008921281053214847
0.008921281053214847
0.008921281053214847
0.02964385366022896
0.008921281053214847
0.008921281053214847
0.008921281053214847
0.008921281053214847
0.008921281053214847
0.03831412504427873
0.008921281053214847
0.008921281053214847
0.008921281053214847
0.014139895927739676
0.008921281053214847
0.008921281053214847
0.008921281053214847
0.020714573119845873
0.008921281053214847
0.023492198214164248
0.008921281053214847
0.014139895927739676
0.008921281053214847
0.017842562106429694
0.026109936930229175
0.02306117698095452
0.008921281053214847
0.008921281053214847
0.022232890245171718
0.008921281053214847
0.008921281053214847
0.008921281053214847
0.029635854173060725
0.014139895927739676
0.023492198214164248
0.008921281053214847
0.008921281053214847
0.008921281053214847
0.019157062522139365
0.02461868757866104
0.019157062522139365
0.008921281053214847
0.008921281053214847
0.008921281053214847
0.014139895927739676
0.008921281053214847
0.008921281053214847
0.014139895927739676
0.014139895927739676
0.01482192683011448
0.017842562106429694
0.008921281053214847
0.008921281053214847
0.008921281053214847
0.008921281053214847
0.008921281053214847
0.019157062522139365
0.008921281053214847
0.008921281053214847
0.008921281053214847
0.008921281053214847
0.008921281053214847
0.008921281053214847
0.008921281053214847
0.008921281053214847
0.008921281053214847
0.008921281053214847
0.008921281053214847
0.017842562106429694
0.008921281053214847
0.014139895927739676
0.014139895927739676
0.008921281053214847
0.008921281053214847
0.008921281053214847
0.008921281053214847
0.014139895927739676
0.008921281053214847
0.008921281053214847
0.014139895927739676
0.008921281053214847
0.008921281053214847
0.008921281053214847
0.020714573119845873
0.019157062522139365
0.008921281053214847
0.008921281053214847
0.008921281053214847
0.008921281053214847
0.020714573119845873
0.017842562106429694
0.008921281053214847
0.008921281053214847
0.014139895927739676
0.008921281053214847
0.008921281053214847
0.014139895927739676
0.008921281053214847
0.008921281053214847
0.03568512421285939
0.008921281053214847
0.017842562106429694
0.008921281053214847
0.008921281053214847
0.014139895927739676
0.014139895927739676
0.008921281053214847
0.008921281053214847
0.008921281053214847
0.008921281053214847
0.020714573119845873
0.014139895927739676
0.008921281053214847
0.008921281053214847
0.008921281053214847
0.008921281053214847
0.017842562106429694
0.01482192683011448
0.008921281053214847
0.008921281053214847
0.008921281053214847
0.008921281053214847
0.008921281053214847
0.008921281053214847
0.008921281053214847
0.008921281053214847
0.008921281053214847
0.008921281053214847
0.008921281053214847
0.01482192683011448
0.008921281053214847
0.008921281053214847
0.008921281053214847
0.008921281053214847
0.008921281053214847
0.01482192683011448
0.014139895927739676
0.014139895927739676
0.008921281053214847
0.008921281053214847
0.008921281053214847
0.008921281053214847
0.008921281053214847
0.01482192683011448
0.008921281053214847
0.008921281053214847
0.008921281053214847
0.008921281053214847
0.0265680259371966
0.008921281053214847
0.008921281053214847
0.008921281053214847
0.008921281053214847
0.019157062522139365
0.019157062522139365
0.008921281053214847
0.020714573119845873
0.014139895927739676
0.008921281053214847
0.028216168035507014
0.022232890245171718
0.01482192683011448
0.014139895927739676
0.008921281053214847
0.008921281053214847
0.008921281053214847
0.014139895927739676
0.019157062522139365
0.008921281053214847
0.008921281053214847
0.023492198214164248
0.014139895927739676
0.008921281053214847
0.008921281053214847
0.008921281053214847
0.023400786197766515
0.008921281053214847
0.008921281053214847
0.026568025937196604
0.008921281053214847
0.008921281053214847
0.008921281053214847
0.008921281053214847
0.03140281253806061
0.008921281053214847
0.008921281053214847
0.014139895927739676
0.04479478368475262
0.008921281053214847
0.008921281053214847
0.008921281053214847
0.008921281053214847
0.008921281053214847
0.008921281053214847
0.008921281053214847
0.035403874661397786
0.014139895927739676
0.008921281053214847
0.008921281053214847
0.008921281053214847
0.008921281053214847
0.008921281053214847
0.008921281053214847
0.019582452697671882
0.01482192683011448
0.008921281053214847
0.026109936930229175
0.008921281053214847
0.008921281053214847
0.008921281053214847
0.008921281053214847
0.008921281053214847
0.017842562106429694
0.008921281053214847
0.008921281053214847
0.008921281053214847
0.022232890245171718
0.01482192683011448
0.01482192683011448
0.01482192683011448
0.008921281053214847
0.008921281053214847
0.008921281053214847
0.019157062522139365
0.008921281053214847
0.008921281053214847
0.008921281053214847
0.008921281053214847
0.01482192683011448
0.014139895927739676
0.008921281053214847
0.017842562106429694
0.02461868757866104
0.014139895927739676
0.008921281053214847
0.008921281053214847
0.008921281053214847
0.008921281053214847
0.008921281053214847
0.019157062522139365
0.008921281053214847
0.020714573119845873
0.008921281053214847
0.008921281053214847
0.019157062522139365
0.008921281053214847
0.008921281053214847
0.008921281053214847
0.008921281053214847
0.008921281053214847
0.008921281053214847
0.008921281053214847
0.008921281053214847
0.008921281053214847
0.008921281053214847
0.008921281053214847
0.008921281053214847
0.008921281053214847
0.008921281053214847
0.008921281053214847
0.014139895927739676
0.019157062522139365
0.008921281053214847
0.008921281053214847
0.008921281053214847
0.008921281053214847
0.008921281053214847
0.008921281053214847
0.008921281053214847
0.008921281053214847
0.008921281053214847
0.008921281053214847
0.008921281053214847
0.008921281053214847
0.008921281053214847
0.008921281053214847
0.008921281053214847
0.017842562106429694
0.01482192683011448
0.01482192683011448
0.008921281053214847
0.008921281053214847
0.008921281053214847
0.008921281053214847
0.017842562106429694
0.014139895927739676
0.008921281053214847
0.008921281053214847
0.008921281053214847
0.01482192683011448
0.008921281053214847
0.020714573119845873
0.008921281053214847
0.008921281053214847
0.008921281053214847
0.02360258310759852
0.008921281053214847
0.025045202275801946
0.008921281053214847
0.01482192683011448
0.008921281053214847
0.008921281053214847
0.008921281053214847
0.014139895927739676
0.014139895927739676
0.008921281053214847
0.017842562106429694
0.008921281053214847
0.008921281053214847
0.008921281053214847
0.008921281053214847
0.026109936930229175
0.008921281053214847
0.008921281053214847
0.008921281053214847
0.008921281053214847
0.008921281053214847
0.01482192683011448
0.008921281053214847
0.008921281053214847
0.008921281053214847
0.017842562106429694
0.008921281053214847
0.008921281053214847
0.014139895927739676
0.008921281053214847
0.014139895927739676
0.01482192683011448
0.008921281053214847
0.01482192683011448
0.008921281053214847
0.008921281053214847
0.008921281053214847
0.008921281053214847
0.008921281053214847
0.008921281053214847
0.008921281053214847
0.008921281053214847
0.008921281053214847
0.008921281053214847
0.008921281053214847
0.008921281053214847
0.008921281053214847
0.008921281053214847
0.008921281053214847
0.008921281053214847
0.008921281053214847
0.008921281053214847
0.008921281053214847
0.008921281053214847
0.008921281053214847
0.014139895927739676
0.014139895927739676
0.014139895927739676
0.014139895927739676
0.008921281053214847
0.008921281053214847
0.02676384315964454
0.008921281053214847
0.008921281053214847
0.008921281053214847
0.008921281053214847
0.008921281053214847
0.008921281053214847
0.020714573119845873
0.008921281053214847
0.008921281053214847
0.017842562106429694
0.008921281053214847
0.008921281053214847
0.008921281053214847
0.008921281053214847
0.008921281053214847
0.020714573119845873
0.014139895927739676
0.008921281053214847
0.008921281053214847
0.008921281053214847
0.008921281053214847
0.020714573119845873
0.008921281053214847
0.008921281053214847
0.008921281053214847
0.020714573119845873
0.008921281053214847
0.008921281053214847
0.014139895927739676
0.014139895927739676
0.014139895927739676
0.008921281053214847
0.025045202275801946
0.019582452697671882
0.014139895927739676
0.020714573119845873
0.01482192683011448
0.008921281053214847
0.022232890245171718
0.008921281053214847
0.008921281053214847
0.008921281053214847
0.008921281053214847
0.014139895927739676
0.008921281053214847
0.008921281053214847
0.019157062522139365
0.014139895927739676
0.008921281053214847
0.020714573119845873
0.008921281053214847
0.008921281053214847
0.02676384315964454
0.014139895927739676
0.017842562106429694
0.03568512421285939
0.008921281053214847
0.008921281053214847
0.008921281053214847
0.017842562106429694
0.008921281053214847
0.008921281053214847
0.008921281053214847
0.008921281053214847
0.014139895927739676
0.008921281053214847
0.008921281053214847
0.008921281053214847
0.008921281053214847
0.008921281053214847
0.008921281053214847
0.008921281053214847
0.008921281053214847
0.008921281053214847
0.01482192683011448
0.017842562106429694
0.014139895927739676
0.020714573119845873
0.008921281053214847
0.008921281053214847
0.01482192683011448
0.008921281053214847
0.008921281053214847
0.01482192683011448
0.014139895927739676
0.008921281053214847
0.008921281053214847
0.008921281053214847
0.008921281053214847
0.008921281053214847
0.008921281053214847
0.008921281053214847
0.008921281053214847
0.008921281053214847
0.008921281053214847
0.008921281053214847
0.017842562106429694
0.008921281053214847
0.008921281053214847
0.008921281053214847
0.008921281053214847
0.008921281053214847
0.008921281053214847
0.008921281053214847
0.019157062522139365
0.01482192683011448
0.008921281053214847
0.008921281053214847
0.014139895927739676
0.008921281053214847
0.008921281053214847
0.008921281053214847
0.008921281053214847
0.008921281053214847
0.008921281053214847
0.01482192683011448
0.008921281053214847
0.008921281053214847
0.008921281053214847
0.008921281053214847
0.008921281053214847
0.008921281053214847
0.008921281053214847
0.008921281053214847
0.014139895927739676
0.008921281053214847
0.008921281053214847
0.008921281053214847
0.008921281053214847
0.014139895927739676
0.008921281053214847
0.008921281053214847
0.01482192683011448
0.008921281053214847
0.008921281053214847
0.008921281053214847
0.008921281053214847
0.01482192683011448
0.008921281053214847
0.008921281053214847
0.008921281053214847
0.008921281053214847
0.008921281053214847
0.008921281053214847
0.008921281053214847
0.008921281053214847
0.008921281053214847
0.008921281053214847
0.008921281053214847
0.01482192683011448
0.01482192683011448
0.04619380222646483
0.02461868757866104
0.008921281053214847
0.008921281053214847
0.01482192683011448
0.008921281053214847
0.008921281053214847
0.008921281053214847
0.008921281053214847
0.008921281053214847
0.014139895927739676
0.014139895927739676
0.020714573119845873
0.008921281053214847
0.014139895927739676
0.008921281053214847
0.014139895927739676
0.014139895927739676
0.014139895927739676
0.014139895927739676
0.008921281053214847
0.008921281053214847
0.014139895927739676
0.02306117698095452
0.014139895927739676
0.017842562106429694
0.014139895927739676
0.02461868757866104
0.014139895927739676
0.008921281053214847
0.01482192683011448
0.008921281053214847
0.008921281053214847
0.008921281053214847
0.008921281053214847
0.008921281053214847
0.017842562106429694
0.008921281053214847
0.008921281053214847
0.008921281053214847
0.008921281053214847
0.014139895927739676
0.008921281053214847
0.008921281053214847
0.008921281053214847
0.008921281053214847
0.008921281053214847
0.008921281053214847
0.008921281053214847
0.008921281053214847
0.014139895927739676
0.008921281053214847
0.008921281053214847
0.022232890245171718
0.008921281053214847
0.008921281053214847
0.008921281053214847
0.008921281053214847
0.008921281053214847
0.008921281053214847
0.008921281053214847
0.014139895927739676
0.008921281053214847
0.014139895927739676
0.01482192683011448
0.008921281053214847
0.008921281053214847
0.008921281053214847
0.008921281053214847
0.008921281053214847
0.008921281053214847
0.008921281053214847
0.008921281053214847
0.008921281053214847
0.008921281053214847
0.008921281053214847
0.008921281053214847
0.008921281053214847
0.008921281053214847
0.017842562106429694
0.008921281053214847
0.008921281053214847
0.014139895927739676
0.014139895927739676
0.008921281053214847
0.008921281053214847
0.008921281053214847
0.008921281053214847
0.008921281053214847
0.017842562106429694
0.008921281053214847
0.008921281053214847
0.008921281053214847
0.008921281053214847
0.014139895927739676
0.008921281053214847
0.008921281053214847
0.008921281053214847
0.008921281053214847
0.01482192683011448
0.008921281053214847
0.008921281053214847
0.014139895927739676
0.008921281053214847
0.008921281053214847
0.008921281053214847
0.008921281053214847
0.008921281053214847
0.008921281053214847
0.008921281053214847
0.008921281053214847
0.008921281053214847
0.04460640526607424
0.03485446904758555
0.008921281053214847
0.008921281053214847
0.014139895927739676
0.008921281053214847
0.02306117698095452
0.020714573119845873
0.008921281053214847
0.014139895927739676
0.008921281053214847
0.008921281053214847
0.008921281053214847
0.008921281053214847
0.014139895927739676
0.020714573119845873
0.008921281053214847
0.014139895927739676
0.014139895927739676
0.014139895927739676
0.008921281053214847
0.008921281053214847
0.008921281053214847
0.008921281053214847
0.020714573119845873
0.008921281053214847
0.01482192683011448
0.008921281053214847
0.020714573119845873
0.008921281053214847
0.008921281053214847
0.014139895927739676
0.008921281053214847
0.02676384315964454
0.008921281053214847
0.008921281053214847
0.008921281053214847
0.008921281053214847
0.008921281053214847
0.008921281053214847
0.01482192683011448
0.017842562106429694
0.020714573119845873
0.008921281053214847
0.008921281053214847
0.008921281053214847
0.008921281053214847
0.008921281053214847
0.008921281053214847
0.008921281053214847
0.008921281053214847
0.014139895927739676
0.014139895927739676
0.008921281053214847
0.008921281053214847
0.008921281053214847
0.008921281053214847
0.008921281053214847
0.008921281053214847
0.03086256175424129
0.017842562106429694
0.008921281053214847
0.020714573119845873
0.008921281053214847
0.008921281053214847
0.008921281053214847
0.008921281053214847
0.008921281053214847
0.008921281053214847
0.008921281053214847
0.008921281053214847
0.008921281053214847
0.008921281053214847
0.008921281053214847
0.008921281053214847
0.008921281053214847
0.02306117698095452
0.008921281053214847
0.008921281053214847
0.008921281053214847
0.008921281053214847
0.020714573119845873
0.014139895927739676
0.008921281053214847
0.008921281053214847
0.008921281053214847
0.014139895927739676
0.008921281053214847
0.008921281053214847
0.008921281053214847
0.028279791855479353
0.008921281053214847
0.008921281053214847
0.008921281053214847
0.008921281053214847
0.008921281053214847
0.008921281053214847
0.008921281053214847
0.008921281053214847
0.008921281053214847
