0.008921281053214847
0.0
0.0
0.10256781084820728
0.10459603240961216
0.0
0.0
0.0
0.0
0.0
0.0
0.0
0.0
0.0
0.0
0.0
0.0
0.0
0.0
0.0
0.0
0.0
0.0
0.0
0.0
0.0
0.0
0.0
0.0
0.0
0.0
0.0
0.0
0.0
0.0
0.0
0.0
0.0
0.0
0.0
0.0
0.0
0.0
0.0
0.0
0.0
0.0
0.0
0.0
0.0
0.0
0.0
0.0
0.0
0.0
0.0
0.0
0.006501325799538852
0.0
0.0
0.0
0.0
0.0
0.07733297020430081
0.026109936930229175
0.1024692505535993
0.008921281053214847
0.07230715860601235
0.01482192683011448
0.048193860934989556
0.04978566255677815
0.008921281053214847
0.08415147779797462
0.07659033748904044
0.06699194950774075
0.06349054508357284
0.019582452697671882
0.04260504167945479
0.04805310980471376
0.01482192683011448
0.0396212388327621
0.0
0.0
0.0
0.0
0.0
0.0
0.0
0.0
0.0
0.0
0.0
0.0
0.0
0.03198245803416937
0.08604324362740774
0.008921281053214847
0.01482192683011448
0.008921281053214847
0.06778569214684683
0.008921281053214847
0.10541744667932328
0.019157062522139365
0.008921281053214847
0.008921281053214847
0.023492198214164248
0.038306125557110486
0.10969026556986809
0.036406541903548036
0.014139895927739676
0.023492198214164248
0.019157062522139365
0.019157062522139365
0.023400786197766515
0.09675020124368951
0.07822795923759532
0.08368643428512414
0.008921281053214847
0.06764193293416057
0.08638984825770721
0.08717335200313538
0.04750372848369902
0.030102999566398118
0.039644082488684826
0.09222717171465208
0.06640475842969613
0.08053207863266344
0.02705423961712346
0.09933498448999392
0.02707216048486385
0.05730138592776804
0.022232890245171718
0.038907562519182176
0.02821131749362364
0.05997887428488376
0.04075511482448519
0.026109936930229175
0.023400786197766515
0.060026433703706965
0.06879493228058554
0.05670548461382064
0.05272471790789045
0.02950322888449815
0.04098987479598718
0.03855713522627557
0.017842562106429694
0.008921281053214847
0.023400786197766515
0.008921281053214847
0.09373759818516794
0.04260504167945479
0.023400786197766515
0.04832279127898705
0.019157062522139365
0.08555612321209297
0.019157062522139365
0.02707216048486385
0.030505896126648398
0.022232890245171718
0.04025897976398616
0.04566539291189589
0.07766316085812688
0.07885149550783122
0.014139895927739676
0.08703967264486533
0.02360258310759852
0.019157062522139365
0.056884097992704365
0.02705423961712346
0.06984280688304766
0.04486992582376221
0.008921281053214847
0.03953692132621979
0.09970722112212209
0.027219119697861147
0.07379856093837729
0.0653463926518762
0.07171584429112099
0.040137332755197486
0.0844457609524383
0.01482192683011448
0.019582452697671882
0.030505896126648398
0.04606267787636377
0.03276898378503868
0.09823895029364478
0.07184091758260513
0.047512780160827064
0.02705423961712346
0.026109936930229175
0.05370065517657237
0.08686400004832698
0.038855531170922726
0.06805279518788308
0.026109936930229175
0.01482192683011448
0.06821144963805816
0.03248659258183662
0.046471458714445205
0.04027408816297573
0.06075677565998821
0.08245540817776523
0.04670647486170868
0.02676384315964454
0.023400786197766515
0.01482192683011448
0.11351889436504468
0.05122596653480639
0.008921281053214847
0.008921281053214847
0.05202230106846131
0.02705423961712346
0.058693862758565314
0.01482192683011448
0.03485446904758555
0.055825744774191485
0.05841916630533176
0.09496472051691238
0.07413398745885671
0.030239400224293937
0.05100908262165514
0.008921281053214847
0.023400786197766515
0.051724035062928955
0.06594561252352697
0.04349450054933878
0.04298857783574473
0.08529924663735687
0.008921281053214847
0.06616101453165599
0.008921281053214847
0.05010741711090975
0.0370548170752862
0.008921281053214847
0.0780631657915393
0.008921281053214847
0.03263742116278647
0.01482192683011448
0.01482192683011448
0.02360258310759852
0.10368856260013096
0.07728366084180344
0.06304053621691835
0.07015858357571052
0.03597270820158749
0.06571798857993306
0.01482192683011448
0.008921281053214847
0.01482192683011448
0.07177490055551815
0.008921281053214847
0.040989874795987175
0.01482192683011448
0.07078184403376662
0.07515377082805566
0.019157062522139365
0.023400786197766515
0.05388533200441322
0.01482192683011448
0.07506511908676337
0.08281973657754407
0.027219119697861147
0.02461868757866104
0.022232890245171718
0.049210500699497534
0.040984109514033217
0.04600704139038687
0.0557711033074985
0.05034667630975856
0.008921281053214847
0.01482192683011448
0.07971782666964188
0.01482192683011448
0.06558145250912047
0.037396890131142134
0.06590736542323558
0.06365359295843544
0.05967366854360807
0.008921281053214847
0.008921281053214847
0.008921281053214847
0.0626686698645363
0.023400786197766515
0.07047182706439467
0.008921281053214847
0.023400786197766515
0.01482192683011448
0.008921281053214847
0.023400786197766515
0.060263679733144684
0.07080710158201341
0.07842485607007148
0.07232281215252544
0.07781978163851222
0.053634519414515046
0.06099209273168992
0.04522901960389693
0.0416956790718013
0.008921281053214847
0.06234682512295387
0.03512016616079781
0.019157062522139365
0.030239400224293937
0.008921281053214847
0.028211317493623645
0.008921281053214847
0.08221263149448711
0.014139895927739676
0.008921281053214847
0.05388533200441322
0.05245611846322977
0.023400786197766515
0.07651313025296531
0.03673533304426541
0.061115058950615385
0.014139895927739676
0.033406639963724026
0.027219119697861147
0.032029650993718274
0.046471458714445205
0.04208113057570318
0.008921281053214847
0.08299364362481049
0.07490181382052657
0.04423550415766956
0.062472353775547704
0.02705423961712346
0.01482192683011448
0.02360258310759852
0.01482192683011448
0.045395334418036136
0.04184241683677687
0.01482192683011448
0.03562713145056425
0.08002472905709632
0.06145899208920403
0.01482192683011448
0.05119903253041376
0.05141689461964223
0.056807780911372965
0.04292701766889771
0.008921281053214847
0.061439268433673484
0.022232890245171718
0.01482192683011448
0.04637696246966397
0.06360652451040529
0.03340663996372402
0.07911139153905926
0.01482192683011448
0.04522901960389693
0.08409626334011776
0.008921281053214847
0.03140281253806061
0.008921281053214847
0.008921281053214847
0.032954885394023095
0.01482192683011448
0.008921281053214847
0.008921281053214847
0.047910755163164995
0.022232890245171718
0.02707216048486385
0.067500693437435
0.008921281053214847
0.02360258310759852
0.06683386058186576
0.008921281053214847
0.0619675089404343
0.023400786197766515
0.008921281053214847
0.034738801726180935
0.04282715709101115
0.008921281053214847
0.008921281053214847
0.01482192683011448
0.057157154406363125
0.06342913487919638
0.008921281053214847
0.03597270820158749
0.008921281053214847
0.03745026718290135
0.02705423961712346
0.008921281053214847
0.008921281053214847
0.01482192683011448
0.01482192683011448
0.008921281053214847
0.030102999566398118
0.04617297837032627
0.044985403189808294
0.05141689461964223
0.06591954136269243
0.09997317799317057
0.008921281053214847
0.03985819841307297
0.023400786197766515
0.03374660393041844
0.01482192683011448
0.008921281053214847
0.04721748522975317
0.019157062522139365
0.08310315806447878
0.023400786197766515
0.026109936930229175
0.008921281053214847
0.008921281053214847
0.008921281053214847
0.008921281053214847
0.008921281053214847
0.014139895927739676
0.008921281053214847
0.030239400224293934
0.026109936930229175
0.008921281053214847
0.040989874795987175
0.02360258310759852
0.020714573119845873
0.008921281053214847
0.014139895927739676
0.02360258310759852
0.06431508384025221
0.023400786197766515
0.02705423961712346
0.02707216048486385
0.028211317493623645
0.008921281053214847
0.008921281053214847
0.026109936930229175
0.019157062522139365
0.03565383232126671
0.07165684218917727
0.02360258310759852
0.01482192683011448
0.019582452697671882
0.03137993345403771
0.008921281053214847
0.029928270430323808
0.02707216048486385
0.01482192683011448
0.03550735902803686
0.008921281053214847
0.008921281053214847
0.019582452697671882
0.008921281053214847
0.09292237199342644
0.037907417686595
0.030102999566398118
0.03303785388399281
0.03550735902803686
0.038821072060696786
0.08037294968238771
0.04292701766889771
0.06621026239047943
0.04208113057570318
0.008921281053214847
0.008921281053214847
0.008921281053214847
0.062189287117994305
0.008921281053214847
0.041336874118997405
0.02707216048486385
0.030239400224293937
0.008921281053214847
0.03276898378503868
0.008921281053214847
0.06722372925811583
0.04317741421040354
0.06762678992980634
0.06834762903015282
0.03756493743051307
0.07248936436745189
0.008921281053214847
0.045892426258942055
0.053198635657578555
0.04445734308409097
0.022232890245171718
0.03248659258183662
0.008921281053214847
0.014139895927739676
0.019157062522139365
0.019582452697671882
0.014139895927739676
0.0265680259371966
0.03303785388399281
0.06552482430002922
0.02705423961712346
0.014139895927739676
0.008921281053214847
0.04762220827385447
0.014139895927739676
0.008921281053214847
0.023492198214164248
0.008921281053214847
0.019157062522139365
0.014139895927739676
0.02895382327068592
0.01482192683011448
0.008921281053214847
0.008921281053214847
0.02461868757866104
0.06586206997725573
0.008921281053214847
0.03985819841307296
0.01482192683011448
0.023400786197766515
0.06600465861168628
0.026109936930229175
0.04606267787636377
0.041068264418239485
0.05342996418021221
0.033406639963724026
0.04075511482448518
0.008921281053214847
0.019157062522139365
0.01482192683011448
0.030239400224293934
0.008921281053214847
0.03512262510993617
0.05555093678142439
0.008921281053214847
0.017842562106429694
0.08472445529245624
0.008921281053214847
0.06861422395467404
0.03565383232126671
0.04823631288018915
0.008921281053214847
0.041068264418239485
0.05237828411298193
0.04056412987057222
0.0636628948221607
0.017842562106429694
0.03597270820158749
0.008921281053214847
0.06622686207498858
0.019582452697671882
0.044687353956259786
0.07239869924937689
0.04831987062452846
0.01482192683011448
0.01482192683011448
0.008921281053214847
0.008921281053214847
0.06417865415852707
0.01482192683011448
0.03140281253806061
0.029928270430323808
0.054445244276277435
0.02360258310759852
0.008921281053214847
0.008921281053214847
0.008921281053214847
0.030239400224293937
0.06497896452136752
0.01482192683011448
0.008921281053214847
0.01482192683011448
0.06405123047513847
0.03137993345403771
0.05368852680045843
0.008921281053214847
0.008921281053214847
0.08542963410338673
0.09354136430362839
0.020714573119845873
0.09719954359842574
0.01482192683011448
0.014139895927739676
0.008921281053214847
0.042945259046966784
0.008921281053214847
0.06710793147346066
0.008921281053214847
0.008921281053214847
0.0841383521360765
0.04092632322231379
0.008921281053214847
0.07265864946923144
0.05718854439771006
0.008921281053214847
0.008921281053214847
0.008921281053214847
0.017842562106429694
0.02705423961712346
0.041336874118997405
0.008921281053214847
0.008921281053214847
0.008921281053214847
0.022232890245171718
0.09749383650749145
0.008921281053214847
0.039203041968522694
0.05062237435856391
0.07295931043601113
0.051058245867526636
0.04750372848369903
0.017842562106429694
0.02707216048486385
0.055281574822842225
0.023492198214164248
0.045058514585657586
0.023400786197766515
0.008921281053214847
0.056339499892715465
0.023400786197766515
0.032954885394023095
0.05604137457918624
0.04886120439331718
0.019157062522139365
0.07402771785056247
0.017842562106429694
0.04241968778321902
0.0396212388327621
0.008921281053214847
0.01482192683011448
0.008921281053214847
0.01482192683011448
0.020714573119845873
0.03550735902803686
0.008921281053214847
0.04873798810103136
0.019582452697671882
0.047512780160827064
0.03673533304426541
0.008921281053214847
0.01482192683011448
0.01482192683011448
0.02461868757866104
0.008921281053214847
0.043924729113581876
0.08061567776851607
0.008921281053214847
0.08431204773280748
0.05227515682682282
0.025045202275801946
0.030239400224293937
0.030239400224293934
0.0265680259371966
0.05192089099871573
0.0416956790718013
0.02705423961712346
0.014139895927739676
0.04420677133401012
0.0396212388327621
0.06757092282472649
0.04760830106676038
0.02707216048486385
0.032954885394023095
0.008921281053214847
0.0351201661607978
0.03303785388399281
0.04401545089232247
0.025045202275801946
0.028216168035507014
0.06297056703677668
0.04423550415766956
0.02707216048486385
0.05700533909005144
0.04820783345734729
0.06608799395289673
0.06111648051728302
0.04363858722666579
0.04721748522975316
0.058856845440026916
0.04721748522975316
0.014139895927739676
0.055730551204821815
0.02461868757866104
0.03374660393041844
0.0330378538839928
0.008921281053214847
0.07187633049209156
0.02360258310759852
0.02705423961712346
0.03657387970315411
0.03855713522627557
0.05826323899864846
0.008921281053214847
0.008921281053214847
0.008921281053214847
0.019582452697671882
0.008921281053214847
0.07960077732752494
0.06039928268692212
0.02360258310759852
0.03263742116278647
0.008921281053214847
0.04951033124857108
0.025045202275801946
0.04685958343117656
0.008921281053214847
0.008921281053214847
0.008921281053214847
0.014139895927739676
0.030102999566398118
0.03745026718290135
0.014139895927739676
0.028279791855479353
0.05997887428488376
0.008921281053214847
0.05886512128151199
0.048941895707981554
0.008921281053214847
0.02360258310759852
0.056702842225335295
0.017842562106429694
0.008921281053214847
0.03951295324867819
0.03140281253806061
0.06313958524908976
0.008921281053214847
0.07199586587073448
0.03550735902803686
0.05857404060602549
0.008921281053214847
0.030239400224293934
0.029928270430323808
0.008921281053214847
0.04208113057570318
0.061508884094202694
0.014139895927739676
0.008921281053214847
0.02705423961712346
0.05375515469543104
0.08239344264715914
0.01482192683011448
0.04210565462316407
0.008921281053214847
0.023400786197766515
0.07729644990290022
0.06681987258958226
0.05516868081992518
0.017842562106429694
0.01482192683011448
0.023400786197766515
0.041988311800126875
0.017842562106429694
0.029635854173060725
0.008921281053214847
0.008921281053214847
0.023400786197766515
0.04307218707279217
0.02707216048486385
0.05105669160460132
0.02306117698095452
0.02964385366022896
0.047721619777420426
0.032029650993718274
0.008921281053214847
0.03824573427103504
0.008921281053214847
0.008921281053214847
0.02306117698095452
0.037907417686595
0.01482192683011448
0.02306117698095452
0.008921281053214847
0.035653832321266704
0.06689951086494027
0.017842562106429694
0.008921281053214847
0.05160781336849519
0.017842562106429694
0.008921281053214847
0.03974111944258419
0.08002684652471759
0.06764592683020353
0.048089353667191866
0.019582452697671882
0.019582452697671882
0.01482192683011448
0.008921281053214847
0.04409242166307036
0.019157062522139365
0.0657562971259111
0.06954678731398242
0.014139895927739676
0.05532100907845739
0.014139895927739676
0.05302118334213079
0.04955120922162488
0.008921281053214847
0.008921281053214847
0.03485446904758555
0.04098987479598718
0.05434643549989996
0.037907417686595
0.008921281053214847
0.008921281053214847
0.08703339156470337
0.008921281053214847
0.04762220827385447
0.0667398118631081
0.019157062522139365
0.0731177953754006
0.020714573119845873
0.052590348215779195
0.042927017668897706
0.049205133494368745
0.04648269651521226
0.05692053924048503
0.08195401572377677
0.01482192683011448
0.060961153071818756
0.019582452697671882
0.008921281053214847
0.008921281053214847
0.008921281053214847
0.008921281053214847
0.008921281053214847
0.008921281053214847
0.06324537502954378
0.008921281053214847
0.06048196766722113
0.008921281053214847
0.008921281053214847
0.054108479234246915
0.014139895927739676
0.008921281053214847
0.030239400224293934
0.008921281053214847
0.03657387970315411
0.0396701873618601
0.019582452697671882
0.008921281053214847
0.05055011388330708
0.014139895927739676
0.03303785388399281
0.019157062522139365
0.037396890131142134
0.03951295324867819
0.043827131750084104
0.014139895927739676
0.023400786197766515
0.059774293944678966
0.03550735902803686
0.014139895927739676
0.017842562106429694
0.008921281053214847
0.008921281053214847
0.02360258310759852
0.03255130372753189
0.02950322888449815
0.04477727115437156
0.020714573119845873
0.03805502047839249
0.0388210720606968
0.05942699166640863
0.05272471790789045
0.008921281053214847
0.01482192683011448
0.02705423961712346
0.019157062522139365
0.03640654190354802
0.02950322888449815
0.008921281053214847
0.028216168035507014
0.05160781336849518
0.0265680259371966
0.029928270430323808
0.05272471790789045
0.03565383232126671
0.008921281053214847
0.008921281053214847
0.022232890245171718
0.02821131749362364
0.02705423961712346
0.008921281053214847
0.01482192683011448
0.019157062522139365
0.04002520072490435
0.04390328138742021
0.019157062522139365
0.019582452697671882
0.045665392911895884
0.01482192683011448
0.0423754687263702
0.014139895927739676
0.05272471790789045
0.02705423961712346
0.008921281053214847
0.04721748522975317
0.026109936930229175
0.019157062522139365
0.014139895927739676
0.008921281053214847
0.01482192683011448
0.06645194489849736
0.04002520072490435
0.014139895927739676
0.008921281053214847
0.008921281053214847
0.038055020478392494
0.06582284791145485
0.014139895927739676
0.04929344733541984
0.03512262510993617
0.008921281053214847
0.008921281053214847
0.031037453197955776
0.008921281053214847
0.05342996418021221
0.03512016616079781
0.032954885394023095
0.040989874795987175
0.05634122686564068
0.05114214339789225
0.017842562106429694
0.01482192683011448
0.008921281053214847
0.008921281053214847
0.008921281053214847
0.05368852680045843
0.008921281053214847
0.05577110330749851
0.036406541903548036
0.014139895927739676
0.008921281053214847
0.06240221845221482
0.0396212388327621
0.019157062522139365
0.01482192683011448
0.008921281053214847
0.038055020478392494
0.008921281053214847
0.02705423961712346
0.019582452697671882
0.017842562106429694
0.01482192683011448
0.008921281053214847
0.027219119697861147
0.02964385366022896
0.008921281053214847
0.022232890245171718
0.03745026718290135
0.019157062522139365
0.05250224374389704
0.08119628738624939
0.008921281053214847
0.030239400224293934
0.014139895927739676
0.02306117698095452
0.026109936930229175
0.008921281053214847
0.008921281053214847
0.020714573119845873
0.019582452697671882
0.008921281053214847
0.028216168035507014
0.030239400224293937
0.008921281053214847
0.017842562106429694
0.06121627975138567
0.008921281053214847
0.008921281053214847
0.008921281053214847
0.053037248521527254
0.014139895927739676
0.04903963604147019
0.05584591210662071
0.008921281053214847
0.01482192683011448
0.05893191461104282
0.04018864242589954
0.008921281053214847
0.008921281053214847
0.028216168035507014
0.02360258310759852
0.008921281053214847
0.03374660393041844
0.008921281053214847
0.032029650993718274
0.0388210720606968
0.04208113057570319
0.030239400224293937
0.040167790072696115
0.04504050894075875
0.01482192683011448
0.02705423961712346
0.06562988455391905
0.05227515682682283
0.019157062522139365
0.046068435849595746
0.019582452697671882
0.01482192683011448
0.008921281053214847
0.033406639963724026
0.03248659258183662
0.054843334153847824
0.048941895707981554
0.09163486380712428
0.01482192683011448
0.040989874795987175
0.05139299406451777
0.034415448327207596
0.008921281053214847
0.04292701766889772
0.020714573119845873
0.07433222535331904
0.03374660393041844
0.019157062522139365
0.017842562106429694
0.027219119697861147
0.09222518209206924
0.053037248521527254
0.02306117698095452
0.008921281053214847
0.019157062522139365
0.008921281053214847
0.019582452697671882
0.033406639963724026
0.008921281053214847
0.023492198214164248
0.008921281053214847
0.03565383232126671
0.03646540480136638
0.008921281053214847
0.025045202275801946
0.08163877035796023
0.06854388881412418
0.008921281053214847
0.008921281053214847
0.037907417686595
0.008921281053214847
0.008921281053214847
0.008921281053214847
0.008921281053214847
0.01482192683011448
0.008921281053214847
0.008921281053214847
0.01482192683011448
0.033406639963724026
0.04307218707279217
0.008921281053214847
0.008921281053214847
0.019157062522139365
0.008921281053214847
0.008921281053214847
0.022232890245171718
0.02306117698095452
0.01482192683011448
0.08634183225724433
0.008921281053214847
0.02676384315964454
0.04653628248254676
0.060118457895284666
0.008921281053214847
0.03636478668574316
0.008921281053214847
0.08150670519816507
0.008921281053214847
0.008921281053214847
0.01482192683011448
0.008921281053214847
0.023492198214164248
0.01482192683011448
0.014139895927739676
0.06399339549118062
0.020714573119845873
0.008921281053214847
0.02707216048486385
0.01482192683011448
0.022232890245171718
0.052872115039971974
0.02306117698095452
0.008921281053214847
0.014139895927739676
0.008921281053214847
0.014139895927739676
0.008921281053214847
0.008921281053214847
0.008921281053214847
0.008921281053214847
0.008921281053214847
0.048403768154894077
0.03790102467880939
0.01482192683011448
0.025045202275801946
0.020714573119845873
0.008921281053214847
0.008921281053214847
0.054526720249620304
0.01482192683011448
0.026109936930229175
0.017842562106429694
0.02705423961712346
0.0526737387495908
0.008921281053214847
0.014139895927739676
0.05289479490547312
0.030102999566398118
0.03523829732124637
0.03565383232126671
0.008921281053214847
0.02360258310759852
0.008921281053214847
0.01482192683011448
0.055739529265389304
0.019157062522139365
0.019582452697671882
0.052378284112981933
0.014139895927739676
0.008921281053214847
0.09050251696517252
0.049649936254642334
0.019582452697671882
0.008921281053214847
0.008921281053214847
0.008921281053214847
0.008921281053214847
0.05193597858696201
0.03685796098547426
0.008921281053214847
0.029928270430323808
0.04670647486170868
0.02461868757866104
0.05333066641443584
0.008921281053214847
0.02360258310759852
0.008921281053214847
0.061388007730681274
0.035972708201587496
0.008921281053214847
0.03974111944258419
0.019582452697671882
0.008921281053214847
0.023400786197766515
0.02707216048486385
0.019582452697671882
0.01482192683011448
0.01482192683011448
0.03974111944258419
0.008921281053214847
0.01482192683011448
0.028211317493623645
0.014139895927739676
0.008921281053214847
0.030239400224293934
0.033406639963724026
0.05066478618542775
0.01482192683011448
0.03895730382880312
0.04860353690899462
0.038245734271035045
0.02461868757866104
0.019582452697671882
0.008921281053214847
0.019157062522139365
0.0305058961266484
0.017842562106429694
0.008921281053214847
0.008921281053214847
0.008921281053214847
0.008921281053214847
0.008921281053214847
0.03137993345403771
0.023400786197766515
0.008921281053214847
0.008921281053214847
0.008921281053214847
0.01482192683011448
0.008921281053214847
0.03740920914569827
0.019582452697671882
0.04955120922162488
0.0330486845776705
0.01482192683011448
0.019582452697671882
0.01482192683011448
0.019157062522139365
0.008921281053214847
0.008921281053214847
0.020714573119845873
0.008921281053214847
0.008921281053214847
0.008921281053214847
0.019157062522139365
0.06641787015119748
0.008921281053214847
0.008921281053214847
0.008921281053214847
0.008921281053214847
0.008921281053214847
0.008921281053214847
0.008921281053214847
0.02360258310759852
0.008921281053214847
0.019582452697671882
0.04025897976398615
0.008921281053214847
0.02461868757866104
0.008921281053214847
0.02360258310759852
0.0330378538839928
0.008921281053214847
0.008921281053214847
0.01482192683011448
0.008921281053214847
0.032029650993718274
0.008921281053214847
0.023400786197766515
0.008921281053214847
0.008921281053214847
0.008921281053214847
0.008921281053214847
0.019582452697671882
0.01482192683011448
0.02360258310759852
0.017842562106429694
0.038055020478392494
0.008921281053214847
0.014139895927739676
0.035972708201587496
0.008921281053214847
0.0627636252551653
0.01482192683011448
0.008921281053214847
0.008921281053214847
0.008921281053214847
0.022232890245171718
0.008921281053214847
0.008921281053214847
0.033406639963724026
0.04203929095842653
0.017842562106429694
0.019157062522139365
0.008921281053214847
0.019157062522139365
0.0330378538839928
0.01482192683011448
0.008921281053214847
0.008921281053214847
0.008921281053214847
0.02676384315964454
0.023400786197766515
0.04281132222811491
0.01482192683011448
0.019582452697671882
0.014139895927739676
0.008921281053214847
0.008921281053214847
0.049115337712662153
0.008921281053214847
0.008921281053214847
0.008921281053214847
0.04349450054933878
0.008921281053214847
0.008921281053214847
0.023400786197766515
0.008921281053214847
0.032029650993718274
0.008921281053214847
0.032954885394023095
0.04658088589290773
0.02360258310759852
0.01482192683011448
0.019582452697671882
0.008921281053214847
0.01482192683011448
0.008921281053214847
0.02360258310759852
0.030239400224293937
0.055947350719304775
0.04475617694782235
0.038055020478392494
0.02360258310759852
0.008921281053214847
0.008921281053214847
0.06260705726484023
0.05302118334213079
0.01482192683011448
0.05160781336849519
0.020714573119845873
0.037690802436961164
0.02360258310759852
0.008921281053214847
0.008921281053214847
0.008921281053214847
0.008921281053214847
0.01482192683011448
0.008921281053214847
0.008921281053214847
0.01482192683011448
0.04363858722666579
0.01482192683011448
0.019582452697671882
0.02360258310759852
0.039041144588151624
0.0423754687263702
0.041068264418239485
0.023492198214164248
0.023492198214164248
0.02705423961712346
0.05357251084934696
0.008921281053214847
0.02964385366022896
0.020714573119845873
0.07184137995413975
0.046859583431176556
0.037690802436961164
0.05526842026492939
0.02707216048486385
0.047622208273854466
0.06369665686895257
0.032954885394023095
0.037690802436961164
0.019582452697671882
0.04847475031464416
0.034415448327207596
0.02360258310759852
0.05383821679527849
0.027219119697861147
0.01482192683011448
0.03964408248868482
0.014139895927739676
0.008921281053214847
0.008921281053214847
0.038306125557110486
0.008921281053214847
0.008921281053214847
0.008921281053214847
0.014139895927739676
0.008921281053214847
0.008921281053214847
0.019582452697671882
0.008921281053214847
0.01482192683011448
0.014139895927739676
0.008921281053214847
0.008921281053214847
0.04000879824998947
0.008921281053214847
0.008921281053214847
0.025045202275801946
0.02461868757866104
0.019582452697671882
0.023400786197766515
0.008921281053214847
0.04721748522975317
0.008921281053214847
0.047122821217563754
0.027219119697861147
0.008921281053214847
0.008921281053214847
0.008921281053214847
0.008921281053214847
0.008921281053214847
0.017842562106429694
0.008921281053214847
0.019157062522139365
0.008921281053214847
0.008921281053214847
0.019582452697671882
0.008921281053214847
0.020714573119845873
0.038855531170922726
0.023400786197766515
0.019582452697671882
0.019582452697671882
0.05160781336849518
0.01482192683011448
0.03562713145056425
0.01482192683011448
0.01482192683011448
0.01482192683011448
0.04018864242589953
0.008921281053214847
0.008921281053214847
0.019157062522139365
0.023400786197766515
0.01482192683011448
0.008921281053214847
0.03562713145056425
0.008921281053214847
0.02705423961712346
0.01482192683011448
0.030239400224293937
0.008921281053214847
0.04930996130216169
0.01482192683011448
0.044869925823762195
0.01482192683011448
0.035653832321266704
0.014139895927739676
0.023400786197766515
0.008921281053214847
0.020714573119845873
0.037396890131142134
0.057560135743771855
0.02950322888449815
0.025045202275801946
0.014139895927739676
0.02360258310759852
0.017842562106429694
0.023400786197766515
0.046482696515212245
0.04025897976398615
0.01482192683011448
0.008921281053214847
0.022232890245171718
0.008921281053214847
0.008921281053214847
0.019582452697671882
0.027219119697861147
0.03985819841307296
0.02950322888449815
0.008921281053214847
0.008921281053214847
0.05905906397532374
0.030239400224293937
0.008921281053214847
0.014139895927739676
0.008921281053214847
0.01482192683011448
0.008921281053214847
0.008921281053214847
0.008921281053214847
0.02950322888449815
0.06395465499438385
0.028211317493623645
0.008921281053214847
0.008921281053214847
0.03657387970315411
0.008921281053214847
0.01482192683011448
0.014139895927739676
0.02360258310759852
0.02461868757866104
0.008921281053214847
0.02360258310759852
0.019157062522139365
0.0396212388327621
0.03198245803416937
0.036406541903548036
0.008921281053214847
0.03855713522627557
0.02705423961712346
0.019582452697671882
0.02360258310759852
0.019582452697671882
0.014139895927739676
0.008921281053214847
0.049298198661716405
0.008921281053214847
0.02306117698095452
0.029928270430323808
0.03550735902803686
0.02950322888449815
0.01482192683011448
0.008921281053214847
0.041266285958738234
0.008921281053214847
0.03745026718290135
0.04282715709101115
0.019582452697671882
0.02461868757866104
0.04341328284099104
0.01482192683011448
0.008921281053214847
0.02360258310759852
0.023400786197766515
0.03890756251918218
0.008921281053214847
0.07520929503544986
0.03565383232126671
0.01482192683011448
0.030903161629221482
0.008921281053214847
0.019157062522139365
0.02360258310759852
0.07192096778223493
0.019157062522139365
0.022232890245171718
0.055771103307498494
0.02360258310759852
0.01482192683011448
0.008921281053214847
0.02705423961712346
0.01482192683011448
0.008921281053214847
0.027219119697861147
0.008921281053214847
0.008921281053214847
0.019157062522139365
0.023400786197766515
0.029928270430323808
0.019157062522139365
0.04260504167945479
0.008921281053214847
0.037718800805321424
0.01482192683011448
0.008921281053214847
0.01482192683011448
0.039644082488684826
0.037690802436961164
0.01482192683011448
0.008921281053214847
0.023400786197766515
0.044649307902728176
0.008921281053214847
0.02705423961712346
0.027219119697861147
0.008921281053214847
0.008921281053214847
0.030102999566398118
0.019157062522139365
0.008921281053214847
0.03303785388399281
0.019582452697671882
0.019582452697671882
0.050306665782226014
0.02964385366022896
0.019157062522139365
0.038855531170922726
0.008921281053214847
0.008921281053214847
0.02707216048486385
0.02707216048486385
0.055142770033554896
0.030239400224293934
0.023400786197766515
0.01482192683011448
0.014139895927739676
0.008921281053214847
0.008921281053214847
0.022232890245171718
0.008921281053214847
0.008921281053214847
0.008921281053214847
0.008921281053214847
0.0950026377672379
0.008921281053214847
0.008921281053214847
0.008921281053214847
0.023400786197766515
0.03855713522627557
0.030102999566398118
0.030903161629221486
0.019157062522139365
0.014139895927739676
0.033406639963724026
0.014139895927739676
0.008921281053214847
0.030505896126648398
0.008921281053214847
0.008921281053214847
0.014139895927739676
0.019157062522139365
0.03740920914569827
0.03657387970315411
0.014139895927739676
0.030505896126648398
0.023492198214164248
0.023400786197766515
0.014139895927739676
0.008921281053214847
0.008921281053214847
0.014139895927739676
0.014139895927739676
0.008921281053214847
0.008921281053214847
0.008921281053214847
0.008921281053214847
0.020714573119845873
0.03565383232126671
0.030903161629221486
0.019157062522139365
0.008921281053214847
0.008921281053214847
0.01482192683011448
0.026568025937196604
0.019157062522139365
0.02360258310759852
0.008921281053214847
0.019157062522139365
0.008921281053214847
0.01482192683011448
0.019582452697671882
0.008921281053214847
0.03565383232126671
0.008921281053214847
0.01482192683011448
0.028211317493623645
0.008921281053214847
0.027219119697861147
0.008921281053214847
0.048630855203388765
0.046440234345269664
0.030239400224293937
0.03140281253806061
0.055142770033554875
0.019157062522139365
0.008921281053214847
0.008921281053214847
0.02705423961712346
0.008921281053214847
0.02705423961712346
0.0305058961266484
0.019157062522139365
0.008921281053214847
0.020714573119845873
0.0348347867858256
0.03985819841307297
0.008921281053214847
0.025045202275801946
0.027219119697861147
0.019157062522139365
0.05568961190408272
0.008921281053214847
0.034267144295796484
0.023400786197766515
0.06234682512295388
0.04292701766889771
0.008921281053214847
0.023400786197766515
0.008921281053214847
0.04852816931256435
0.019582452697671882
0.008921281053214847
0.008921281053214847
0.008921281053214847
0.008921281053214847
0.023400786197766515
0.04671798963468775
0.008921281053214847
0.03263742116278647
0.03263742116278647
0.0305058961266484
0.014139895927739676
0.019582452697671882
0.008921281053214847
0.008921281053214847
0.008921281053214847
0.02360258310759852
0.02360258310759852
0.01482192683011448
0.019582452697671882
0.04970452055065947
0.01482192683011448
0.06321520959325043
0.03276898378503868
0.008921281053214847
0.03519826695413234
0.008921281053214847
0.03248659258183662
0.03636478668574316
0.01482192683011448
0.008921281053214847
0.014139895927739676
0.008921281053214847
0.01482192683011448
0.01482192683011448
0.008921281053214847
0.031037453197955776
0.008921281053214847
0.008921281053214847
0.03584798449381291
0.01482192683011448
0.008921281053214847
0.008921281053214847
0.032029650993718274
0.014139895927739676
0.008921281053214847
0.03584798449381291
0.019157062522139365
0.02950322888449815
0.01482192683011448
0.02360258310759852
0.008921281053214847
0.008921281053214847
0.02705423961712346
0.02705423961712346
0.008921281053214847
0.008921281053214847
0.008921281053214847
0.05349191690904385
0.014139895927739676
0.008921281053214847
0.019582452697671882
0.008921281053214847
0.02360258310759852
0.008921281053214847
0.035403874661397786
0.008921281053214847
0.01482192683011448
0.008921281053214847
0.008921281053214847
0.008921281053214847
0.019582452697671882
0.008921281053214847
0.02360258310759852
0.008921281053214847
0.019582452697671882
0.01482192683011448
0.008921281053214847
0.008921281053214847
0.019157062522139365
0.0265680259371966
0.023400786197766515
0.008921281053214847
0.03276898378503868
0.008921281053214847
0.07637323349524887
0.039041144588151624
0.02360258310759852
0.019582452697671882
0.008921281053214847
0.022232890245171718
0.008921281053214847
0.030239400224293937
0.008921281053214847
0.031037453197955776
0.014139895927739676
0.008921281053214847
0.02306117698095452
0.008921281053214847
0.01482192683011448
0.02707216048486385
0.032029650993718274
0.008921281053214847
0.008921281053214847
0.01482192683011448
0.019157062522139365
0.01482192683011448
0.008921281053214847
0.008921281053214847
0.008921281053214847
0.053442419546540026
0.05395906230238124
0.02360258310759852
0.038907562519182176
0.008921281053214847
0.020714573119845873
0.08266561568985914
0.022232890245171718
0.017842562106429694
0.04670647486170868
0.008921281053214847
0.01482192683011448
0.02360258310759852
0.044622113824371305
0.025045202275801946
0.03295488539402309
0.023400786197766515
0.02705423961712346
0.019582452697671882
0.05231304144640516
0.008921281053214847
0.04600704139038687
0.01482192683011448
0.019157062522139365
0.023400786197766515
0.02360258310759852
0.019582452697671882
0.019157062522139365
0.019582452697671882
0.020714573119845873
0.030102999566398118
0.043619446582221055
0.008921281053214847
0.048403768154894077
0.04208113057570318
0.02705423961712346
0.01482192683011448
0.02360258310759852
0.05160357642244008
0.01482192683011448
0.06215114110748196
0.02360258310759852
0.03673533304426541
0.014139895927739676
0.02964385366022896
0.019582452697671882
0.008921281053214847
0.030239400224293937
0.04230718768044766
0.030505896126648398
0.023400786197766515
0.008921281053214847
0.02707216048486385
0.008921281053214847
0.008921281053214847
0.008921281053214847
0.04426521860533147
0.008921281053214847
0.028279791855479353
0.017842562106429694
0.08674691158169244
0.03137993345403771
0.014139895927739676
0.03646540480136638
0.02306117698095452
0.02676384315964454
0.04373136961000232
0.008921281053214847
0.008921281053214847
0.014139895927739676
0.02306117698095452
0.008921281053214847
0.008921281053214847
0.01482192683011448
0.014139895927739676
0.017842562106429694
0.03086256175424129
0.025045202275801946
0.008921281053214847
0.019157062522139365
0.008921281053214847
0.028279791855479353
0.03140281253806061
0.01482192683011448
0.008921281053214847
0.01482192683011448
0.01482192683011448
0.008921281053214847
0.008921281053214847
0.02360258310759852
0.008921281053214847
0.054254541751721765
0.01482192683011448
0.07436658479045771
0.008921281053214847
0.008921281053214847
0.008921281053214847
0.028211317493623645
0.008921281053214847
0.008921281053214847
0.026109936930229175
0.019582452697671882
0.01482192683011448
0.05481160434317092
0.008921281053214847
0.008921281053214847
0.008921281053214847
0.0265680259371966
0.054624566479106386
0.030102999566398118
0.008921281053214847
0.026109936930229175
0.023400786197766515
0.01482192683011448
0.008921281053214847
0.008921281053214847
0.03740920914569827
0.014139895927739676
0.008921281053214847
0.008921281053214847
0.008921281053214847
0.008921281053214847
0.008921281053214847
0.02360258310759852
0.01482192683011448
0.008921281053214847
0.0330486845776705
0.0265680259371966
0.008921281053214847
0.025045202275801946
0.01482192683011448
0.008921281053214847
0.017842562106429694
0.03301266274601582
0.014139895927739676
0.014139895927739676
0.020714573119845873
0.014139895927739676
0.017842562106429694
0.017842562106429694
0.02461868757866104
0.017842562106429694
0.014139895927739676
0.014139895927739676
0.03255130372753189
0.014139895927739676
0.014139895927739676
0.014139895927739676
0.014139895927739676
0.014139895927739676
0.008921281053214847
0.019157062522139365
0.02705423961712346
0.017842562106429694
0.04435728553904174
0.0450585145856576
0.008921281053214847
0.014139895927739676
0.02461868757866104
0.008921281053214847
0.019582452697671882
0.008921281053214847
0.008921281053214847
0.019157062522139365
0.040989874795987175
0.033406639963724026
0.008921281053214847
0.01482192683011448
0.008921281053214847
0.008921281053214847
0.014139895927739676
0.01482192683011448
0.023400786197766515
0.008921281053214847
0.008921281053214847
0.01482192683011448
0.01482192683011448
0.014139895927739676
0.014139895927739676
0.008921281053214847
0.01482192683011448
0.01482192683011448
0.01482192683011448
0.008921281053214847
0.01482192683011448
0.008921281053214847
0.03248659258183662
0.019582452697671882
0.008921281053214847
0.014139895927739676
0.008921281053214847
0.014139895927739676
0.019157062522139365
0.019582452697671882
0.019582452697671882
0.008921281053214847
0.008921281053214847
0.01482192683011448
0.014139895927739676
0.008921281053214847
0.014139895927739676
0.008921281053214847
0.020714573119845873
0.008921281053214847
0.008921281053214847
0.01482192683011448
0.008921281053214847
0.01482192683011448
0.008921281053214847
0.008921281053214847
0.008921281053214847
0.02707216048486385
0.01482192683011448
0.019582452697671882
0.02360258310759852
0.008921281053214847
0.026109936930229175
0.008921281053214847
0.008921281053214847
0.008921281053214847
0.008921281053214847
0.008921281053214847
0.01482192683011448
0.0305058961266484
0.01482192683011448
0.008921281053214847
0.02360258310759852
0.019157062522139365
0.008921281053214847
0.008921281053214847
0.019157062522139365
0.008921281053214847
0.014139895927739676
0.014139895927739676
0.008921281053214847
0.008921281053214847
0.008921281053214847
0.008921281053214847
0.03831412504427872
0.008921281053214847
0.008921281053214847
0.008921281053214847
0.008921281053214847
0.032029650993718274
0.008921281053214847
0.023400786197766515
0.008921281053214847
0.008921281053214847
0.008921281053214847
0.008921281053214847
0.02707216048486385
0.008921281053214847
0.01482192683011448
0.032029650993718274
0.03978384280745614
0.008921281053214847
0.008921281053214847
0.02461868757866104
0.014139895927739676
0.027219119697861147
0.019157062522139365
0.014139895927739676
0.008921281053214847
0.0265680259371966
0.026568025937196604
0.023492198214164248
0.014139895927739676
0.008921281053214847
0.029635854173060725
0.02707216048486385
0.026109936930229175
0.03396648332901679
0.014139895927739676
0.017842562106429694
0.008921281053214847
0.017842562106429694
0.008921281053214847
0.053838207886564814
0.023492198214164248
0.008921281053214847
0.008921281053214847
0.01482192683011448
0.008921281053214847
0.008921281053214847
0.008921281053214847
0.008921281053214847
0.019157062522139365
0.026109936930229175
0.01482192683011448
0.008921281053214847
0.03646540480136638
0.008921281053214847
0.053640186422060455
0.01482192683011448
0.01482192683011448
0.008921281053214847
0.019582452697671882
0.017842562106429694
0.019582452697671882
0.01482192683011448
0.008921281053214847
0.03303785388399281
0.01482192683011448
0.028211317493623645
0.023400786197766515
0.05912159747126568
0.019157062522139365
0.02705423961712346
0.020714573119845873
0.008921281053214847
0.019157062522139365
0.028216168035507014
0.008921281053214847
0.008921281053214847
0.026109936930229175
0.020714573119845873
0.008921281053214847
0.008921281053214847
0.014139895927739676
0.03646540480136638
0.033406639963724026
0.01482192683011448
0.014139895927739676
0.008921281053214847
0.01482192683011448
0.02705423961712346
0.02360258310759852
0.030903161629221482
0.008921281053214847
0.008921281053214847
0.008921281053214847
0.017842562106429694
0.014139895927739676
0.008921281053214847
0.014139895927739676
0.008921281053214847
0.008921281053214847
0.023492198214164248
0.008921281053214847
0.008921281053214847
0.017842562106429694
0.008921281053214847
0.008921281053214847
0.008921281053214847
0.008921281053214847
0.008921281053214847
0.03140281253806061
0.008921281053214847
0.008921281053214847
0.02306117698095452
0.008921281053214847
0.019582452697671882
0.01482192683011448
0.019582452697671882
0.022232890245171718
0.008921281053214847
0.019157062522139365
0.008921281053214847
0.008921281053214847
0.008921281053214847
0.014139895927739676
0.008921281053214847
0.017842562106429694
0.027219119697861147
0.017842562106429694
0.023400786197766515
0.02360258310759852
0.03945468730947434
0.020714573119845873
0.014139895927739676
0.019157062522139365
0.008921281053214847
0.017842562106429694
0.014139895927739676
0.014139895927739676
0.030239400224293937
0.020714573119845873
0.022232890245171718
0.014139895927739676
0.008921281053214847
0.014139895927739676
0.02461868757866104
0.01482192683011448
0.019157062522139365
0.01482192683011448
0.008921281053214847
0.01482192683011448
0.02461868757866104
0.017842562106429694
0.008921281053214847
0.019582452697671882
0.020714573119845873
0.008921281053214847
0.008921281053214847
0.008921281053214847
0.008921281053214847
0.019157062522139365
0.02306117698095452
0.01482192683011448
0.01482192683011448
0.023400786197766515
0.026109936930229175
0.020714573119845873
0.014139895927739676
0.008921281053214847
0.008921281053214847
0.008921281053214847
0.008921281053214847
0.008921281053214847
0.014139895927739676
0.014139895927739676
0.017842562106429694
0.008921281053214847
0.008921281053214847
0.008921281053214847
0.008921281053214847
0.008921281053214847
0.02707216048486385
0.023400786197766515
0.008921281053214847
0.008921281053214847
0.008921281053214847
0.019157062522139365
0.008921281053214847
0.02950322888449815
0.019157062522139365
0.02360258310759852
0.014139895927739676
0.008921281053214847
0.008921281053214847
0.008921281053214847
0.019582452697671882
0.04547056153089714
0.019157062522139365
0.023492198214164248
0.008921281053214847
0.008921281053214847
0.008921281053214847
0.020714573119845873
0.008921281053214847
0.02461868757866104
0.008921281053214847
0.036406541903548036
0.04700327139898478
0.02705423961712346
0.008921281053214847
0.008921281053214847
0.01482192683011448
0.008921281053214847
0.008921281053214847
0.032029650993718274
0.008921281053214847
0.008921281053214847
0.01482192683011448
0.01482192683011448
0.02707216048486385
0.008921281053214847
0.019582452697671882
0.020714573119845873
0.008921281053214847
0.008921281053214847
0.008921281053214847
0.008921281053214847
0.008921281053214847
0.019582452697671882
0.01482192683011448
0.019157062522139365
0.03565383232126671
0.04264926073630361
0.01482192683011448
0.019157062522139365
0.008921281053214847
0.008921281053214847
0.03248659258183662
0.008921281053214847
0.008921281053214847
0.02306117698095452
0.008921281053214847
0.027219119697861147
0.008921281053214847
0.008921281053214847
0.01482192683011448
0.008921281053214847
0.008921281053214847
0.008921281053214847
0.008921281053214847
0.019582452697671882
0.014139895927739676
0.008921281053214847
0.008921281053214847
0.008921281053214847
0.03917080030556938
0.019582452697671882
0.019157062522139365
0.008921281053214847
0.008921281053214847
0.023492198214164248
0.017842562106429694
0.03512016616079781
0.019582452697671882
0.008921281053214847
0.008921281053214847
0.019582452697671882
0.008921281053214847
0.008921281053214847
0.008921281053214847
0.019157062522139365
0.008921281053214847
0.03397898935225384
0.014139895927739676
0.014139895927739676
0.008921281053214847
0.008921281053214847
0.008921281053214847
0.014139895927739676
0.014139895927739676
0.014139895927739676
0.01482192683011448
0.008921281053214847
0.008921281053214847
0.008921281053214847
0.008921281053214847
0.008921281053214847
0.008921281053214847
0.008921281053214847
0.008921281053214847
0.008921281053214847
0.008921281053214847
0.019157062522139365
0.008921281053214847
0.01482192683011448
0.008921281053214847
0.014139895927739676
0.01482192683011448
0.019157062522139365
0.008921281053214847
0.008921281053214847
0.008921281053214847
0.020714573119845873
0.07472390508076192
0.008921281053214847
0.008921281053214847
0.049704520550659465
0.008921281053214847
0.008921281053214847
0.033406639963724026
0.017842562106429694
0.008921281053214847
0.008921281053214847
0.019582452697671882
0.008921281053214847
0.008921281053214847
0.008921281053214847
0.008921281053214847
0.026568025937196604
0.008921281053214847
0.008921281053214847
0.03550735902803686
0.008921281053214847
0.008921281053214847
0.008921281053214847
0.008921281053214847
0.019582452697671882
0.0396701873618601
0.026568025937196604
0.019157062522139365
0.014139895927739676
0.04025897976398616
0.017842562106429694
0.008921281053214847
0.014139895927739676
0.019582452697671882
0.01482192683011448
0.02360258310759852
0.026109936930229175
0.02705423961712346
0.008921281053214847
0.008921281053214847
0.019582452697671882
0.008921281053214847
0.01482192683011448
0.008921281053214847
0.03855713522627557
0.008921281053214847
0.01482192683011448
0.02306117698095452
0.008921281053214847
0.008921281053214847
0.01482192683011448
0.008921281053214847
0.008921281053214847
0.020714573119845873
0.023400786197766515
0.04098410951403322
0.037450267182901356
0.008921281053214847
0.01482192683011448
0.02705423961712346
0.014139895927739676
0.01482192683011448
0.008921281053214847
0.02360258310759852
0.031037453197955776
0.09072582524580103
0.031037453197955776
0.031037453197955776
0.031037453197955776
0.031037453197955776
0.03740920914569827
0.04373136961000232
0.031037453197955776
0.031037453197955776
0.031037453197955776
0.04175778206663542
0.031037453197955776
0.03395755263617333
0.008921281053214847
0.04718600002222733
0.008921281053214847
0.008921281053214847
0.056690404060078886
0.019157062522139365
0.02950322888449815
0.01482192683011448
0.008921281053214847
0.01482192683011448
0.038821072060696786
0.01482192683011448
0.03374660393041844
0.04951072312799569
0.014139895927739676
0.023492198214164248
0.014139895927739676
0.014139895927739676
0.008921281053214847
0.008921281053214847
0.008921281053214847
0.014139895927739676
0.008921281053214847
0.03801292878405357
0.008921281053214847
0.008921281053214847
0.014139895927739676
0.008921281053214847
0.014139895927739676
0.014139895927739676
0.008921281053214847
0.008921281053214847
0.008921281053214847
0.008921281053214847
0.008921281053214847
0.014139895927739676
0.019157062522139365
0.01482192683011448
0.01482192683011448
0.014139895927739676
0.008921281053214847
0.026109936930229175
0.008921281053214847
0.014139895927739676
0.008921281053214847
0.032954885394023095
0.023492198214164248
0.03584798449381291
0.02895382327068592
0.02895382327068592
0.008921281053214847
0.014139895927739676
0.014139895927739676
0.014139895927739676
0.014139895927739676
0.014139895927739676
0.014139895927739676
0.014139895927739676
0.014139895927739676
0.014139895927739676
0.014139895927739676
0.019157062522139365
0.031037453197955776
0.031037453197955776
0.031037453197955776
0.031037453197955776
0.031037453197955776
0.031037453197955776
0.02950322888449815
0.031037453197955776
0.008921281053214847
0.008921281053214847
0.017842562106429694
0.008921281053214847
0.008921281053214847
0.008921281053214847
0.008921281053214847
0.045439632821877116
0.01482192683011448
0.03248659258183662
0.008921281053214847
0.023492198214164248
0.046482696515212245
0.01482192683011448
0.008921281053214847
0.008921281053214847
0.033978989352253845
0.014139895927739676
0.014139895927739676
0.019157062522139365
0.008921281053214847
0.008921281053214847
0.017842562106429694
0.01482192683011448
0.02705423961712346
0.008921281053214847
0.040989874795987175
0.01482192683011448
0.008921281053214847
0.008921281053214847
0.04468735395625978
0.008921281053214847
0.008921281053214847
0.019582452697671882
0.03568512421285939
0.02306117698095452
0.019157062522139365
0.03202965099371828
0.01482192683011448
0.014139895927739676
0.019157062522139365
0.020714573119845873
0.008921281053214847
0.008921281053214847
0.008921281053214847
0.008921281053214847
0.019582452697671882
0.008921281053214847
0.008921281053214847
0.008921281053214847
0.01482192683011448
0.008921281053214847
0.01482192683011448
0.02360258310759852
0.008921281053214847
0.008921281053214847
0.019157062522139365
0.008921281053214847
0.008921281053214847
0.008921281053214847
0.019157062522139365
0.036406541903548036
0.008921281053214847
0.07438936982142738
0.035653832321266704
0.008921281053214847
0.008921281053214847
0.026568025937196604
0.008921281053214847
0.014139895927739676
0.008921281053214847
0.008921281053214847
0.008921281053214847
0.01482192683011448
0.008921281053214847
0.008921281053214847
0.008921281053214847
0.019582452697671882
0.01482192683011448
0.008921281053214847
0.008921281053214847
0.019582452697671882
0.026568025937196604
0.014139895927739676
0.019157062522139365
0.01482192683011448
0.03485446904758555
0.008921281053214847
0.023400786197766515
0.019157062522139365
0.03562713145056425
0.014139895927739676
0.029928270430323808
0.008921281053214847
0.008921281053214847
0.008921281053214847
0.008921281053214847
0.008921281053214847
0.008921281053214847
0.008921281053214847
0.008921281053214847
0.03597270820158749
0.008921281053214847
0.008921281053214847
0.01482192683011448
0.01482192683011448
0.008921281053214847
0.03140281253806061
0.022232890245171718
0.03374660393041844
0.014139895927739676
0.05178683282746446
0.008921281053214847
0.027219119697861147
0.008921281053214847
0.008921281053214847
0.008921281053214847
0.01482192683011448
0.01482192683011448
0.008921281053214847
0.022232890245171718
0.02461868757866104
0.026109936930229175
0.008921281053214847
0.023400786197766515
0.008921281053214847
0.038855531170922726
0.008921281053214847
0.032954885394023095
0.01482192683011448
0.008921281053214847
0.008921281053214847
0.008921281053214847
0.008921281053214847
0.008921281053214847
0.008921281053214847
0.026109936930229175
0.008921281053214847
0.008921281053214847
0.02705423961712346
0.038055020478392494
0.008921281053214847
0.01482192683011448
0.008921281053214847
0.008921281053214847
0.023400786197766515
0.020714573119845873
0.008921281053214847
0.008921281053214847
0.026109936930229175
0.026109936930229175
0.008921281053214847
0.008921281053214847
0.014139895927739676
0.008921281053214847
0.008921281053214847
0.008921281053214847
0.008921281053214847
0.008921281053214847
0.008921281053214847
0.008921281053214847
0.033406639963724026
0.01482192683011448
0.019157062522139365
0.01482192683011448
0.008921281053214847
0.008921281053214847
0.008921281053214847
0.0364557546628811
0.023400786197766515
0.019157062522139365
0.008921281053214847
0.008921281053214847
0.008921281053214847
0.008921281053214847
0.01482192683011448
0.008921281053214847
0.01482192683011448
0.008921281053214847
0.008921281053214847
0.019157062522139365
0.01482192683011448
0.023492198214164248
0.01482192683011448
0.02895382327068592
0.06712890174634475
0.008921281053214847
0.02950322888449815
0.014139895927739676
0.008921281053214847
0.008921281053214847
0.008921281053214847
0.014139895927739676
0.026568025937196604
0.008921281053214847
0.023492198214164248
0.008921281053214847
0.008921281053214847
0.02461868757866104
0.008921281053214847
0.037907417686595
0.019157062522139365
0.029928270430323808
0.008921281053214847
0.022232890245171718
0.008921281053214847
0.008921281053214847
0.008921281053214847
0.008921281053214847
0.008921281053214847
0.008921281053214847
0.028216168035507014
0.019157062522139365
0.008921281053214847
0.019582452697671882
0.02964385366022896
0.01482192683011448
0.04580313378343667
0.01482192683011448
0.01482192683011448
0.01482192683011448
0.019582452697671882
0.023492198214164248
0.01482192683011448
0.01482192683011448
0.01482192683011448
0.038855531170922726
0.030505896126648398
0.019582452697671882
0.01482192683011448
0.01482192683011448
0.023492198214164248
0.023492198214164248
0.023492198214164248
0.008921281053214847
0.01482192683011448
0.017842562106429694
0.01482192683011448
0.025045202275801946
0.008921281053214847
0.0364557546628811
0.008921281053214847
0.008921281053214847
0.008921281053214847
0.008921281053214847
0.008921281053214847
0.014139895927739676
0.008921281053214847
0.01482192683011448
0.019157062522139365
0.01482192683011448
0.008921281053214847
0.019582452697671882
0.008921281053214847
0.014139895927739676
0.019582452697671882
0.008921281053214847
0.008921281053214847
0.01482192683011448
0.008921281053214847
0.014139895927739676
0.008921281053214847
0.008921281053214847
0.008921281053214847
0.008921281053214847
0.008921281053214847
0.008921281053214847
0.008921281053214847
0.008921281053214847
0.01482192683011448
0.01482192683011448
0.023492198214164248
0.008921281053214847
0.01482192683011448
0.008921281053214847
0.008921281053214847
0.008921281053214847
0.01482192683011448
0.029928270430323808
0.03140281253806061
0.008921281053214847
0.008921281053214847
0.019157062522139365
0.02895382327068592
0.02306117698095452
0.014139895927739676
0.022232890245171718
0.03519826695413234
0.008921281053214847
0.02360258310759852
0.019157062522139365
0.014139895927739676
0.02306117698095452
0.008921281053214847
0.03562713145056425
0.008921281053214847
0.01482192683011448
0.023492198214164248
0.03485446904758555
0.030102999566398118
0.03485446904758555
0.008921281053214847
0.008921281053214847
0.01482192683011448
0.008921281053214847
0.008921281053214847
0.017842562106429694
0.008921281053214847
0.01482192683011448
0.008921281053214847
0.008921281053214847
0.014139895927739676
0.008921281053214847
0.008921281053214847
0.008921281053214847
0.03730345831496024
0.008921281053214847
0.008921281053214847
0.02461868757866104
0.01482192683011448
0.008921281053214847
0.008921281053214847
0.014139895927739676
0.019582452697671882
0.008921281053214847
0.008921281053214847
0.008921281053214847
0.030239400224293937
0.008921281053214847
0.008921281053214847
0.01482192683011448
0.019157062522139365
0.008921281053214847
0.008921281053214847
0.008921281053214847
0.008921281053214847
0.01482192683011448
0.01482192683011448
0.008921281053214847
0.014139895927739676
0.008921281053214847
0.008921281053214847
0.008921281053214847
0.008921281053214847
0.008921281053214847
0.008921281053214847
0.008921281053214847
0.008921281053214847
0.008921281053214847
0.008921281053214847
0.008921281053214847
0.01482192683011448
0.008921281053214847
0.01482192683011448
0.008921281053214847
0.01482192683011448
0.019582452697671882
0.008921281053214847
0.008921281053214847
0.008921281053214847
0.019582452697671882
0.008921281053214847
0.008921281053214847
0.014139895927739676
0.014139895927739676
0.014139895927739676
0.008921281053214847
0.019157062522139365
0.008921281053214847
0.008921281053214847
0.008921281053214847
0.008921281053214847
0.008921281053214847
0.008921281053214847
0.008921281053214847
0.030505896126648398
0.008921281053214847
0.019582452697671882
0.014139895927739676
0.008921281053214847
0.008921281053214847
0.019582452697671882
0.008921281053214847
0.008921281053214847
0.008921281053214847
0.008921281053214847
0.008921281053214847
0.039169922477850484
0.008921281053214847
0.030903161629221486
0.01482192683011448
0.008921281053214847
0.008921281053214847
0.008921281053214847
0.019582452697671882
0.01482192683011448
0.008921281053214847
0.008921281053214847
0.008921281053214847
0.02707216048486385
0.008921281053214847
0.008921281053214847
0.008921281053214847
0.01482192683011448
0.008921281053214847
0.008921281053214847
0.008921281053214847
0.008921281053214847
0.008921281053214847
0.008921281053214847
0.014139895927739676
0.008921281053214847
0.008921281053214847
0.008921281053214847
0.008921281053214847
0.008921281053214847
0.008921281053214847
0.008921281053214847
0.019582452697671882
0.008921281053214847
0.053640186422060455
0.008921281053214847
0.014139895927739676
0.017842562106429694
0.014139895927739676
0.014139895927739676
0.014139895927739676
0.030903161629221482
0.008921281053214847
0.008921281053214847
0.019582452697671882
0.008921281053214847
0.008921281053214847
0.008921281053214847
0.014139895927739676
0.008921281053214847
0.008921281053214847
0.014139895927739676
0.008921281053214847
0.008921281053214847
0.008921281053214847
0.008921281053214847
0.008921281053214847
0.02360258310759852
0.008921281053214847
0.008921281053214847
0.008921281053214847
0.01482192683011448
0.008921281053214847
0.008921281053214847
0.01482192683011448
0.008921281053214847
0.01482192683011448
0.008921281053214847
0.01482192683011448
0.008921281053214847
0.01482192683011448
0.008921281053214847
0.05632267603107249
0.017842562106429694
0.008921281053214847
0.029635854173060725
0.023492198214164248
0.02705423961712346
0.008921281053214847
0.014139895927739676
0.019157062522139365
0.017842562106429694
0.017842562106429694
0.008921281053214847
0.014139895927739676
0.008921281053214847
0.014139895927739676
0.008921281053214847
0.008921281053214847
0.008921281053214847
0.008921281053214847
0.008921281053214847
0.008921281053214847
0.03636478668574316
0.04680157239553303
0.014139895927739676
0.026109936930229175
0.01482192683011448
0.026568025937196604
0.008921281053214847
0.008921281053214847
0.02306117698095452
0.008921281053214847
0.008921281053214847
0.008921281053214847
0.008921281053214847
0.008921281053214847
0.014139895927739676
0.008921281053214847
0.008921281053214847
0.014139895927739676
0.008921281053214847
0.014139895927739676
0.008921281053214847
0.008921281053214847
0.008921281053214847
0.0437757501008004
0.03198245803416937
0.03855713522627557
0.008921281053214847
0.01482192683011448
0.008921281053214847
0.008921281053214847
0.008921281053214847
0.008921281053214847
0.020714573119845873
0.01482192683011448
0.014139895927739676
0.01482192683011448
0.008921281053214847
0.008921281053214847
0.02705423961712346
0.008921281053214847
0.02306117698095452
0.042163838041937
0.014139895927739676
0.020714573119845873
0.01482192683011448
0.008921281053214847
0.008921281053214847
0.008921281053214847
0.008921281053214847
0.023492198214164248
0.03198245803416937
0.008921281053214847
0.008921281053214847
0.008921281053214847
0.008921281053214847
0.008921281053214847
0.008921281053214847
0.008921281053214847
0.008921281053214847
0.008921281053214847
0.008921281053214847
0.019582452697671882
0.014139895927739676
0.008921281053214847
0.028279791855479353
0.008921281053214847
0.023492198214164248
0.014139895927739676
0.008921281053214847
0.029928270430323808
0.008921281053214847
0.008921281053214847
0.029635854173060725
0.008921281053214847
0.008921281053214847
0.008921281053214847
0.008921281053214847
0.01482192683011448
0.008921281053214847
0.008921281053214847
0.0348347867858256
0.008921281053214847
0.008921281053214847
0.017842562106429694
0.008921281053214847
0.02676384315964454
0.02306117698095452
0.01482192683011448
0.008921281053214847
0.008921281053214847
0.008921281053214847
0.02461868757866104
0.023400786197766515
0.008921281053214847
0.008921281053214847
0.008921281053214847
0.01482192683011448
0.008921281053214847
0.014139895927739676
0.008921281053214847
0.014139895927739676
0.02461868757866104
0.01482192683011448
0.008921281053214847
0.0265680259371966
0.017842562106429694
0.008921281053214847
0.008921281053214847
0.019157062522139365
0.019157062522139365
0.017842562106429694
0.008921281053214847
0.008921281053214847
0.008921281053214847
0.02306117698095452
0.03523829732124637
0.05196908162649538
0.008921281053214847
0.008921281053214847
0.019157062522139365
0.017842562106429694
0.008921281053214847
0.017842562106429694
0.014139895927739676
0.01482192683011448
0.02306117698095452
0.014139895927739676
0.017842562106429694
0.008921281053214847
0.014139895927739676
0.008921281053214847
0.014139895927739676
0.008921281053214847
0.014139895927739676
0.008921281053214847
0.01482192683011448
0.008921281053214847
0.008921281053214847
0.037718800805321424
0.008921281053214847
0.008921281053214847
0.008921281053214847
0.008921281053214847
0.008921281053214847
0.014139895927739676
0.008921281053214847
0.017842562106429694
0.020714573119845873
0.017842562106429694
0.008921281053214847
0.029928270430323808
0.008921281053214847
0.01482192683011448
0.008921281053214847
0.008921281053214847
0.008921281053214847
0.01482192683011448
0.008921281053214847
0.008921281053214847
0.01482192683011448
0.008921281053214847
0.008921281053214847
0.008921281053214847
0.008921281053214847
0.008921281053214847
0.008921281053214847
0.008921281053214847
0.017842562106429694
0.008921281053214847
0.014139895927739676
0.02461868757866104
0.008921281053214847
0.008921281053214847
0.008921281053214847
0.014139895927739676
0.008921281053214847
0.008921281053214847
0.008921281053214847
0.008921281053214847
0.008921281053214847
0.008921281053214847
0.008921281053214847
0.008921281053214847
0.008921281053214847
0.026568025937196604
0.008921281053214847
0.008921281053214847
0.008921281053214847
0.008921281053214847
0.017842562106429694
0.01482192683011448
0.008921281053214847
0.017842562106429694
0.02821131749362364
0.02306117698095452
0.008921281053214847
0.008921281053214847
0.014139895927739676
0.008921281053214847
0.008921281053214847
0.008921281053214847
0.008921281053214847
0.008921281053214847
0.008921281053214847
0.023400786197766515
0.014139895927739676
0.008921281053214847
0.008921281053214847
0.008921281053214847
0.008921281053214847
0.008921281053214847
0.008921281053214847
0.008921281053214847
0.008921281053214847
0.008921281053214847
0.008921281053214847
0.008921281053214847
0.01482192683011448
0.008921281053214847
0.008921281053214847
0.01482192683011448
0.008921281053214847
0.008921281053214847
0.008921281053214847
0.008921281053214847
0.008921281053214847
0.008921281053214847
0.008921281053214847
0.008921281053214847
0.008921281053214847
0.008921281053214847
0.008921281053214847
0.008921281053214847
0.008921281053214847
0.01482192683011448
0.008921281053214847
0.008921281053214847
0.008921281053214847
0.01482192683011448
0.014139895927739676
0.014139895927739676
0.008921281053214847
0.008921281053214847
0.008921281053214847
0.008921281053214847
0.008921281053214847
0.008921281053214847
0.008921281053214847
0.008921281053214847
0.008921281053214847
0.019157062522139365
0.008921281053214847
0.008921281053214847
0.008921281053214847
0.008921281053214847
0.008921281053214847
0.06263161636271461
0.023492198214164248
0.014139895927739676
0.014139895927739676
0.014139895927739676
0.014139895927739676
0.008921281053214847
0.008921281053214847
0.014139895927739676
0.014139895927739676
0.014139895927739676
0.014139895927739676
0.008921281053214847
0.008921281053214847
0.014139895927739676
0.01482192683011448
0.030903161629221482
0.008921281053214847
0.008921281053214847
0.008921281053214847
0.01482192683011448
0.008921281053214847
0.014139895927739676
0.008921281053214847
0.014139895927739676
0.008921281053214847
0.008921281053214847
0.014139895927739676
0.008921281053214847
0.008921281053214847
0.014139895927739676
0.008921281053214847
0.008921281053214847
0.014139895927739676
0.01482192683011448
0.014139895927739676
0.014139895927739676
0.014139895927739676
0.019157062522139365
0.014139895927739676
0.008921281053214847
0.008921281053214847
0.008921281053214847
0.008921281053214847
0.008921281053214847
0.008921281053214847
0.008921281053214847
0.014139895927739676
0.014139895927739676
0.0364557546628811
0.008921281053214847
0.014139895927739676
0.008921281053214847
0.008921281053214847
0.023400786197766515
0.008921281053214847
0.019157062522139365
0.008921281053214847
0.008921281053214847
0.017842562106429694
0.008921281053214847
0.008921281053214847
0.017842562106429694
0.008921281053214847
0.008921281053214847
0.008921281053214847
0.008921281053214847
0.019582452697671882
0.008921281053214847
0.03140281253806061
0.008921281053214847
0.008921281053214847
0.008921281053214847
0.008921281053214847
0.008921281053214847
0.008921281053214847
0.008921281053214847
0.01482192683011448
0.008921281053214847
0.008921281053214847
0.008921281053214847
0.008921281053214847
0.03374660393041844
0.017842562106429694
0.017842562106429694
0.008921281053214847
0.008921281053214847
0.008921281053214847
0.008921281053214847
0.008921281053214847
0.008921281053214847
0.017842562106429694
0.014139895927739676
0.008921281053214847
0.008921281053214847
0.008921281053214847
0.008921281053214847
0.008921281053214847
0.008921281053214847
0.008921281053214847
0.027219119697861147
0.008921281053214847
0.008921281053214847
0.01482192683011448
0.008921281053214847
0.008921281053214847
0.020714573119845873
0.019157062522139365
0.014139895927739676
0.014139895927739676
0.008921281053214847
0.008921281053214847
0.008921281053214847
0.014139895927739676
0.008921281053214847
0.008921281053214847
0.019582452697671882
0.008921281053214847
0.026568025937196604
0.014139895927739676
0.025045202275801946
0.039164905395343765
0.008921281053214847
0.014139895927739676
0.01482192683011448
0.014139895927739676
0.020714573119845873
0.008921281053214847
0.014139895927739676
0.029635854173060725
0.008921281053214847
0.017842562106429694
0.017842562106429694
0.008921281053214847
0.01482192683011448
0.023492198214164248
0.008921281053214847
0.008921281053214847
0.02306117698095452
0.008921281053214847
0.017842562106429694
0.008921281053214847
0.008921281053214847
0.008921281053214847
0.008921281053214847
0.008921281053214847
0.01482192683011448
0.008921281053214847
0.008921281053214847
0.008921281053214847
0.008921281053214847
0.008921281053214847
0.008921281053214847
0.008921281053214847
0.01482192683011448
0.008921281053214847
0.008921281053214847
0.014139895927739676
0.029635854173060725
0.02676384315964454
0.028279791855479353
0.028279791855479353
0.028279791855479353
0.008921281053214847
0.008921281053214847
0.008921281053214847
0.008921281053214847
0.008921281053214847
0.008921281053214847
0.008921281053214847
0.008921281053214847
0.008921281053214847
0.019157062522139365
0.008921281053214847
0.008921281053214847
0.008921281053214847
0.008921281053214847
0.008921281053214847
0.008921281053214847
0.008921281053214847
0.008921281053214847
0.008921281053214847
0.01482192683011448
0.008921281053214847
0.008921281053214847
0.008921281053214847
0.008921281053214847
0.008921281053214847
0.008921281053214847
0.008921281053214847
0.008921281053214847
0.023400786197766515
0.008921281053214847
0.008921281053214847
0.008921281053214847
0.008921281053214847
0.008921281053214847
0.008921281053214847
0.008921281053214847
0.008921281053214847
0.008921281053214847
0.008921281053214847
0.008921281053214847
0.008921281053214847
0.008921281053214847
0.008921281053214847
0.014139895927739676
0.014139895927739676
0.014139895927739676
0.008921281053214847
0.008921281053214847
0.020714573119845873
0.028279791855479353
0.014139895927739676
0.014139895927739676
0.014139895927739676
0.014139895927739676
0.014139895927739676
0.014139895927739676
0.014139895927739676
0.014139895927739676
0.014139895927739676
0.014139895927739676
0.008921281053214847
0.014139895927739676
0.014139895927739676
0.014139895927739676
0.020714573119845873
0.014139895927739676
0.014139895927739676
0.014139895927739676
0.014139895927739676
0.020714573119845873
0.008921281053214847
0.014139895927739676
0.014139895927739676
0.014139895927739676
0.020714573119845873
0.014139895927739676
0.020714573119845873
0.014139895927739676
0.014139895927739676
0.014139895927739676
0.008921281053214847
0.014139895927739676
0.014139895927739676
0.014139895927739676
0.008921281053214847
0.008921281053214847
0.014139895927739676
0.014139895927739676
0.014139895927739676
0.014139895927739676
0.008921281053214847
0.014139895927739676
0.014139895927739676
0.014139895927739676
0.014139895927739676
0.014139895927739676
0.008921281053214847
0.01482192683011448
0.014139895927739676
0.014139895927739676
0.008921281053214847
0.014139895927739676
0.008921281053214847
0.008921281053214847
0.008921281053214847
0.017842562106429694
0.008921281053214847
0.008921281053214847
0.008921281053214847
0.008921281053214847
0.022232890245171718
0.008921281053214847
0.03568512421285939
0.02306117698095452
0.017842562106429694
0.008921281053214847
0.008921281053214847
0.008921281053214847
0.008921281053214847
0.008921281053214847
0.017842562106429694
0.01482192683011448
0.008921281053214847
0.019157062522139365
0.008921281053214847
0.014139895927739676
0.008921281053214847
0.008921281053214847
0.008921281053214847
0.014139895927739676
0.008921281053214847
0.019157062522139365
0.008921281053214847
0.019157062522139365
0.008921281053214847
0.029635854173060725
0.008921281053214847
0.008921281053214847
0.025045202275801946
0.014139895927739676
0.008921281053214847
0.020714573119845873
0.008921281053214847
0.017842562106429694
0.008921281053214847
0.008921281053214847
0.014139895927739676
0.008921281053214847
0.008921281053214847
0.008921281053214847
0.01482192683011448
0.03255130372753189
0.008921281053214847
0.014139895927739676
0.008921281053214847
0.02306117698095452
0.017842562106429694
0.01482192683011448
0.008921281053214847
0.014139895927739676
0.008921281053214847
0.014139895927739676
0.019157062522139365
0.008921281053214847
0.014139895927739676
0.01482192683011448
0.017842562106429694
0.008921281053214847
0.017842562106429694
0.008921281053214847
0.008921281053214847
0.01482192683011448
0.008921281053214847
0.008921281053214847
0.008921281053214847
0.008921281053214847
0.014139895927739676
0.014139895927739676
0.019157062522139365
0.008921281053214847
0.014139895927739676
0.032029650993718274
0.008921281053214847
0.008921281053214847
0.008921281053214847
0.008921281053214847
0.06214371935953762
0.047624812992569036
0.008921281053214847
0.02306117698095452
0.0437757501008004
0.008921281053214847
0.01482192683011448
0.019582452697671882
0.020714573119845873
0.008921281053214847
0.01482192683011448
0.014139895927739676
0.046984396428328495
0.019157062522139365
0.008921281053214847
0.04569238962790106
0.026568025937196604
0.014139895927739676
0.008921281053214847
0.008921281053214847
0.028216168035507014
0.008921281053214847
0.028279791855479353
0.025045202275801946
0.04715255867375549
0.020714573119845873
0.04955404828087013
0.04035596757161493
0.03646540480136638
0.03086256175424129
0.017842562106429694
0.017842562106429694
0.017842562106429694
0.020714573119845873
0.03086256175424129
0.029635854173060725
0.037896955241114326
0.028279791855479353
0.020714573119845873
0.008921281053214847
0.020714573119845873
0.008921281053214847
0.014139895927739676
0.022232890245171718
0.020714573119845873
0.019157062522139365
0.008921281053214847
0.008921281053214847
0.008921281053214847
0.008921281053214847
0.008921281053214847
0.008921281053214847
0.008921281053214847
0.008921281053214847
0.026568025937196604
0.014139895927739676
0.008921281053214847
0.008921281053214847
0.03396648332901679
0.008921281053214847
0.008921281053214847
0.041429146239691746
0.008921281053214847
0.014139895927739676
0.008921281053214847
0.04479478368475262
0.026568025937196604
0.008921281053214847
0.02964385366022896
0.008921281053214847
0.019157062522139365
0.022232890245171718
0.03855713522627557
0.03646540480136638
0.008921281053214847
0.008921281053214847
0.008921281053214847
0.008921281053214847
0.03301266274601582
0.008921281053214847
0.008921281053214847
0.03397898935225384
0.008921281053214847
0.017842562106429694
0.04035596757161493
0.023400786197766515
0.008921281053214847
0.028279791855479353
0.008921281053214847
0.014139895927739676
0.017842562106429694
0.014139895927739676
0.008921281053214847
0.022232890245171718
0.02306117698095452
0.025045202275801946
0.014139895927739676
0.01482192683011448
0.045386685854581235
0.017842562106429694
0.017842562106429694
0.008921281053214847
0.017842562106429694
0.008921281053214847
0.019157062522139365
0.008921281053214847
0.014139895927739676
0.008921281053214847
0.008921281053214847
0.019157062522139365
0.014139895927739676
0.014139895927739676
0.008921281053214847
0.008921281053214847
0.008921281053214847
0.028279791855479353
0.008921281053214847
0.01482192683011448
0.008921281053214847
0.029928270430323808
0.008921281053214847
0.014139895927739676
0.008921281053214847
0.01482192683011448
0.008921281053214847
0.020714573119845873
0.008921281053214847
0.029635854173060725
0.01482192683011448
0.014139895927739676
0.008921281053214847
0.014139895927739676
0.014139895927739676
0.014139895927739676
0.008921281053214847
0.008921281053214847
0.008921281053214847
0.03568512421285939
0.014139895927739676
0.008921281053214847
0.008921281053214847
0.014139895927739676
0.008921281053214847
0.01482192683011448
0.008921281053214847
0.008921281053214847
0.014139895927739676
0.008921281053214847
0.008921281053214847
0.014139895927739676
0.008921281053214847
0.014139895927739676
0.014139895927739676
0.014139895927739676
0.014139895927739676
0.028279791855479353
0.008921281053214847
0.014139895927739676
0.01482192683011448
0.01482192683011448
0.008921281053214847
0.008921281053214847
0.020714573119845873
0.008921281053214847
0.03397898935225384
0.01482192683011448
0.014139895927739676
0.01482192683011448
0.008921281053214847
0.01482192683011448
0.008921281053214847
0.019157062522139365
0.014139895927739676
0.017842562106429694
0.008921281053214847
0.008921281053214847
0.014139895927739676
0.008921281053214847
0.008921281053214847
0.008921281053214847
0.008921281053214847
0.01482192683011448
0.028279791855479353
0.008921281053214847
0.008921281053214847
0.019157062522139365
0.019157062522139365
0.02461868757866104
0.008921281053214847
0.008921281053214847
0.019157062522139365
0.008921281053214847
0.008921281053214847
0.008921281053214847
0.008921281053214847
0.008921281053214847
0.008921281053214847
0.0396701873618601
0.008921281053214847
0.008921281053214847
0.008921281053214847
0.02360258310759852
0.008921281053214847
0.008921281053214847
0.008921281053214847
0.008921281053214847
0.014139895927739676
0.008921281053214847
0.008921281053214847
0.008921281053214847
0.008921281053214847
0.02360258310759852
0.008921281053214847
0.008921281053214847
0.01482192683011448
0.008921281053214847
0.017842562106429694
0.014139895927739676
0.008921281053214847
0.008921281053214847
0.008921281053214847
0.014139895927739676
0.008921281053214847
0.008921281053214847
0.02895382327068592
0.008921281053214847
0.008921281053214847
0.020714573119845873
0.017842562106429694
0.008921281053214847
0.008921281053214847
0.008921281053214847
0.008921281053214847
0.008921281053214847
0.014139895927739676
0.008921281053214847
0.008921281053214847
0.008921281053214847
0.008921281053214847
0.008921281053214847
0.008921281053214847
0.008921281053214847
0.008921281053214847
0.008921281053214847
0.022232890245171718
0.008921281053214847
0.008921281053214847
0.008921281053214847
0.008921281053214847
0.008921281053214847
0.008921281053214847
0.008921281053214847
0.008921281053214847
0.008921281053214847
0.03855713522627557
0.03086256175424129
0.008921281053214847
0.008921281053214847
0.008921281053214847
0.008921281053214847
0.008921281053214847
0.008921281053214847
0.01482192683011448
0.008921281053214847
0.008921281053214847
0.019157062522139365
0.008921281053214847
0.008921281053214847
0.014139895927739676
0.008921281053214847
0.008921281053214847
0.008921281053214847
0.008921281053214847
0.008921281053214847
0.008921281053214847
0.008921281053214847
0.01482192683011448
0.008921281053214847
0.008921281053214847
0.008921281053214847
0.03202965099371828
0.01482192683011448
0.008921281053214847
0.020714573119845873
0.0437757501008004
0.02676384315964454
0.017842562106429694
0.014139895927739676
0.008921281053214847
0.008921281053214847
0.014139895927739676
0.019157062522139365
0.02676384315964454
0.014139895927739676
0.02306117698095452
0.008921281053214847
0.0265680259371966
0.01482192683011448
0.01482192683011448
0.01482192683011448
0.008921281053214847
0.008921281053214847
0.014139895927739676
0.023400786197766515
0.008921281053214847
0.008921281053214847
0.008921281053214847
0.008921281053214847
0.008921281053214847
0.020714573119845873
0.030903161629221486
0.026568025937196604
0.008921281053214847
0.022232890245171718
0.008921281053214847
0.008921281053214847
0.008921281053214847
0.008921281053214847
0.01482192683011448
0.008921281053214847
0.008921281053214847
0.008921281053214847
0.01482192683011448
0.008921281053214847
0.008921281053214847
0.008921281053214847
0.014139895927739676
0.008921281053214847
0.008921281053214847
0.008921281053214847
0.008921281053214847
0.008921281053214847
0.008921281053214847
0.008921281053214847
0.008921281053214847
0.008921281053214847
0.014139895927739676
0.008921281053214847
0.008921281053214847
0.008921281053214847
0.008921281053214847
0.008921281053214847
0.008921281053214847
0.008921281053214847
0.008921281053214847
0.017842562106429694
0.008921281053214847
0.008921281053214847
0.008921281053214847
0.01482192683011448
0.008921281053214847
0.014139895927739676
0.008921281053214847
0.008921281053214847
0.008921281053214847
0.008921281053214847
0.008921281053214847
0.019157062522139365
0.008921281053214847
0.01482192683011448
0.008921281053214847
0.01482192683011448
0.017842562106429694
0.008921281053214847
0.008921281053214847
0.008921281053214847
0.008921281053214847
0.014139895927739676
0.008921281053214847
0.008921281053214847
0.008921281053214847
0.008921281053214847
0.022232890245171718
0.008921281053214847
0.008921281053214847
0.008921281053214847
0.008921281053214847
0.008921281053214847
0.019582452697671882
0.008921281053214847
0.01482192683011448
0.01482192683011448
0.01482192683011448
0.008921281053214847
0.020714573119845873
0.014139895927739676
0.008921281053214847
0.014139895927739676
0.008921281053214847
0.008921281053214847
0.008921281053214847
0.008921281053214847
0.020714573119845873
0.008921281053214847
0.026568025937196604
0.008921281053214847
0.008921281053214847
0.008921281053214847
0.008921281053214847
0.008921281053214847
0.008921281053214847
0.008921281053214847
0.01482192683011448
0.008921281053214847
0.008921281053214847
0.008921281053214847
0.008921281053214847
0.008921281053214847
0.008921281053214847
0.008921281053214847
0.008921281053214847
0.014139895927739676
0.008921281053214847
0.014139895927739676
0.008921281053214847
0.014139895927739676
0.008921281053214847
0.008921281053214847
0.008921281053214847
0.008921281053214847
0.020714573119845873
0.008921281053214847
0.008921281053214847
0.008921281053214847
0.008921281053214847
0.008921281053214847
0.008921281053214847
0.008921281053214847
0.01482192683011448
0.008921281053214847
0.008921281053214847
0.017842562106429694
0.017842562106429694
0.020714573119845873
0.01482192683011448
0.008921281053214847
0.008921281053214847
0.020714573119845873
0.014139895927739676
0.008921281053214847
0.014139895927739676
0.008921281053214847
0.008921281053214847
0.008921281053214847
0.014139895927739676
0.008921281053214847
0.014139895927739676
0.008921281053214847
0.008921281053214847
0.008921281053214847
0.008921281053214847
0.008921281053214847
0.014139895927739676
0.008921281053214847
0.008921281053214847
0.008921281053214847
0.008921281053214847
0.008921281053214847
0.019582452697671882
0.008921281053214847
0.008921281053214847
0.008921281053214847
0.014139895927739676
0.014139895927739676
0.026568025937196604
0.008921281053214847
0.008921281053214847
0.008921281053214847
0.008921281053214847
0.008921281053214847
0.008921281053214847
0.008921281053214847
0.008921281053214847
0.008921281053214847
0.008921281053214847
0.008921281053214847
0.008921281053214847
0.008921281053214847
0.03202965099371828
0.008921281053214847
0.008921281053214847
0.008921281053214847
0.008921281053214847
0.008921281053214847
0.014139895927739676
0.014139895927739676
0.008921281053214847
0.01482192683011448
0.008921281053214847
0.014139895927739676
0.008921281053214847
0.008921281053214847
0.008921281053214847
0.008921281053214847
0.008921281053214847
0.008921281053214847
0.008921281053214847
0.008921281053214847
0.008921281053214847
0.008921281053214847
0.008921281053214847
0.008921281053214847
0.008921281053214847
0.008921281053214847
0.008921281053214847
0.008921281053214847
0.008921281053214847
0.008921281053214847
0.008921281053214847
0.008921281053214847
0.019157062522139365
0.008921281053214847
0.008921281053214847
0.008921281053214847
0.008921281053214847
0.008921281053214847
0.008921281053214847
0.008921281053214847
0.008921281053214847
0.008921281053214847
0.008921281053214847
0.008921281053214847
0.008921281053214847
0.008921281053214847
0.008921281053214847
0.008921281053214847
0.008921281053214847
0.01482192683011448
0.008921281053214847
0.008921281053214847
0.008921281053214847
0.008921281053214847
0.008921281053214847
0.022232890245171718
0.008921281053214847
0.008921281053214847
0.008921281053214847
0.008921281053214847
0.008921281053214847
0.008921281053214847
0.008921281053214847
0.008921281053214847
0.014139895927739676
0.014139895927739676
0.008921281053214847
0.014139895927739676
0.014139895927739676
0.008921281053214847
0.008921281053214847
0.008921281053214847
0.008921281053214847
0.008921281053214847
0.008921281053214847
0.008921281053214847
0.020714573119845873
0.014139895927739676
0.029928270430323808
0.017842562106429694
0.008921281053214847
0.008921281053214847
0.02676384315964454
0.014139895927739676
0.008921281053214847
0.02676384315964454
0.008921281053214847
0.017842562106429694
0.014139895927739676
0.008921281053214847
0.008921281053214847
0.008921281053214847
0.008921281053214847
0.014139895927739676
0.008921281053214847
0.014139895927739676
0.008921281053214847
0.008921281053214847
0.008921281053214847
0.008921281053214847
0.017842562106429694
0.008921281053214847
0.014139895927739676
0.008921281053214847
0.008921281053214847
0.008921281053214847
0.008921281053214847
0.008921281053214847
0.008921281053214847
0.008921281053214847
0.008921281053214847
0.008921281053214847
0.008921281053214847
0.014139895927739676
0.008921281053214847
0.008921281053214847
0.014139895927739676
0.008921281053214847
0.008921281053214847
0.008921281053214847
0.008921281053214847
0.014139895927739676
0.017842562106429694
0.014139895927739676
0.014139895927739676
0.008921281053214847
0.008921281053214847
0.03397898935225384
0.008921281053214847
0.008921281053214847
0.017842562106429694
0.014139895927739676
0.008921281053214847
0.008921281053214847
0.017842562106429694
0.008921281053214847
0.008921281053214847
0.008921281053214847
0.008921281053214847
0.008921281053214847
0.014139895927739676
0.008921281053214847
0.008921281053214847
0.008921281053214847
0.008921281053214847
0.02306117698095452
0.008921281053214847
0.008921281053214847
0.008921281053214847
0.008921281053214847
0.008921281053214847
0.014139895927739676
0.008921281053214847
0.008921281053214847
0.008921281053214847
0.019157062522139365
0.008921281053214847
0.008921281053214847
0.008921281053214847
0.008921281053214847
0.008921281053214847
0.008921281053214847
0.008921281053214847
0.008921281053214847
0.008921281053214847
0.008921281053214847
0.008921281053214847
0.008921281053214847
0.008921281053214847
0.03086256175424129
0.008921281053214847
0.008921281053214847
0.008921281053214847
0.008921281053214847
0.008921281053214847
0.008921281053214847
0.008921281053214847
0.008921281053214847
0.014139895927739676
0.017842562106429694
0.008921281053214847
0.008921281053214847
0.014139895927739676
0.014139895927739676
0.008921281053214847
0.008921281053214847
0.008921281053214847
0.008921281053214847
0.008921281053214847
0.008921281053214847
0.008921281053214847
0.008921281053214847
0.014139895927739676
0.008921281053214847
0.008921281053214847
0.008921281053214847
0.008921281053214847
0.014139895927739676
0.008921281053214847
0.008921281053214847
0.017842562106429694
0.014139895927739676
0.008921281053214847
0.008921281053214847
0.008921281053214847
0.008921281053214847
0.008921281053214847
0.008921281053214847
0.008921281053214847
0.008921281053214847
0.008921281053214847
0.008921281053214847
0.008921281053214847
0.017842562106429694
0.008921281053214847
0.008921281053214847
0.008921281053214847
0.008921281053214847
0.008921281053214847
0.008921281053214847
0.008921281053214847
0.008921281053214847
0.008921281053214847
0.008921281053214847
0.008921281053214847
0.008921281053214847
0.008921281053214847
0.008921281053214847
0.008921281053214847
0.008921281053214847
0.01482192683011448
0.008921281053214847
0.008921281053214847
0.008921281053214847
0.008921281053214847
0.017842562106429694
0.017842562106429694
0.017842562106429694
0.017842562106429694
0.008921281053214847
0.014139895927739676
0.014139895927739676
0.014139895927739676
0.014139895927739676
0.014139895927739676
0.017842562106429694
0.008921281053214847
0.008921281053214847
0.008921281053214847
0.017842562106429694
0.014139895927739676
0.008921281053214847
0.014139895927739676
0.008921281053214847
0.014139895927739676
0.008921281053214847
0.008921281053214847
0.008921281053214847
0.008921281053214847
0.014139895927739676
0.008921281053214847
0.008921281053214847
0.008921281053214847
0.008921281053214847
0.008921281053214847
0.01482192683011448
0.03855713522627557
0.02306117698095452
0.008921281053214847
0.014139895927739676
0.008921281053214847
0.008921281053214847
0.014139895927739676
0.008921281053214847
0.008921281053214847
0.008921281053214847
0.008921281053214847
0.008921281053214847
0.008921281053214847
0.008921281053214847
0.008921281053214847
0.014139895927739676
0.008921281053214847
0.008921281053214847
0.008921281053214847
0.008921281053214847
0.008921281053214847
0.008921281053214847
0.014139895927739676
0.008921281053214847
0.008921281053214847
0.008921281053214847
0.008921281053214847
0.008921281053214847
0.008921281053214847
0.008921281053214847
0.008921281053214847
0.008921281053214847
0.008921281053214847
0.008921281053214847
0.008921281053214847
0.008921281053214847
0.008921281053214847
0.008921281053214847
0.008921281053214847
0.008921281053214847
0.008921281053214847
0.008921281053214847
0.008921281053214847
0.008921281053214847
0.008921281053214847
0.008921281053214847
0.008921281053214847
0.008921281053214847
0.008921281053214847
0.028279791855479353
0.008921281053214847
0.008921281053214847
0.008921281053214847
0.008921281053214847
0.008921281053214847
0.017842562106429694
0.008921281053214847
0.008921281053214847
0.008921281053214847
0.014139895927739676
0.014139895927739676
0.008921281053214847
0.008921281053214847
0.008921281053214847
0.014139895927739676
0.030903161629221482
0.008921281053214847
0.008921281053214847
0.008921281053214847
0.008921281053214847
0.014139895927739676
0.008921281053214847
0.008921281053214847
0.008921281053214847
0.008921281053214847
0.028279791855479353
0.008921281053214847
0.008921281053214847
0.008921281053214847
0.008921281053214847
0.008921281053214847
0.014139895927739676
0.008921281053214847
0.014139895927739676
0.008921281053214847
0.008921281053214847
0.008921281053214847
0.008921281053214847
0.008921281053214847
0.014139895927739676
0.008921281053214847
0.014139895927739676
0.014139895927739676
0.008921281053214847
0.008921281053214847
0.008921281053214847
0.008921281053214847
0.008921281053214847
0.008921281053214847
0.008921281053214847
0.008921281053214847
0.008921281053214847
0.008921281053214847
0.008921281053214847
0.008921281053214847
0.008921281053214847
0.008921281053214847
0.008921281053214847
0.008921281053214847
0.008921281053214847
0.008921281053214847
0.008921281053214847
0.008921281053214847
0.008921281053214847
0.008921281053214847
0.008921281053214847
0.008921281053214847
0.008921281053214847
0.008921281053214847
0.008921281053214847
0.008921281053214847
0.008921281053214847
0.008921281053214847
0.008921281053214847
0.008921281053214847
0.008921281053214847
0.008921281053214847
0.008921281053214847
0.014139895927739676
0.008921281053214847
0.014139895927739676
0.008921281053214847
0.008921281053214847
0.029635854173060725
0.008921281053214847
0.008921281053214847
0.008921281053214847
0.008921281053214847
0.008921281053214847
0.008921281053214847
0.020714573119845873
0.008921281053214847
0.02306117698095452
0.008921281053214847
0.008921281053214847
0.008921281053214847
0.008921281053214847
0.008921281053214847
0.008921281053214847
0.008921281053214847
0.008921281053214847
0.008921281053214847
0.008921281053214847
0.008921281053214847
0.008921281053214847
0.008921281053214847
